2.2246 2.225300
1.3689 1.360737
1.3512 1.342636
1.3390 1.332589
1.2773 1.267492
1.4303 1.419100
1.3837 1.416702
1.3734 1.310852
1.3135 1.300099
1.3027 1.391056
1.0402 0.983186
0.9709 0.939258
0.7379 0.717693
0.7138 0.659668
0.7115 0.695742
1.2311 1.205307
1.0788 1.070280
1.0672 0.902101
0.9839 0.846028
0.8817 0.697052
1.5464 1.556900
1.2720 1.242895
1.2549 1.247319
1.2506 1.243963
1.2429 1.235484
1.4217 1.383493
1.4044 1.250516
1.3732 1.288406
1.2601 1.166618
1.2491 1.186796
1.2442 1.215223
1.2420 1.199065
1.1822 1.174563
1.1511 1.134599
1.1474 1.115114
1.4792 1.425137
1.4269 1.468776
1.3788 1.390693
1.3606 1.195709
1.3520 1.259298
1.3488 1.343719
1.1817 1.155852
1.1318 1.114481
1.1224 1.096619
1.0758 1.065236
1.5422 1.582537
1.5122 1.404362
1.4350 1.407374
1.3385 1.264456
1.3001 1.287363
1.2121 1.298925
1.1942 1.254566
0.9947 0.839594
0.9696 0.928717
0.9694 0.868649
1.3490 1.411345
1.3302 1.274151
1.3140 1.233410
1.2767 1.234302
1.2691 1.230499
1.7171 1.766617
1.5060 1.306956
1.4983 1.440478
1.4889 1.586636
1.4360 1.284123
2.2657 2.258018
1.5133 1.412692
1.4310 1.424332
1.4248 1.331755
1.3418 1.349708
1.7239 1.570849
1.6517 1.618082
1.5895 1.553864
1.4666 1.328694
1.4312 1.318387
1.2999 1.293106
1.1657 1.138852
1.1384 1.127469
1.1242 1.060852
1.0974 1.128854
1.5728 1.472009
1.5436 1.603101
1.4920 1.384979
1.4849 1.538932
1.4703 1.512710
1.3349 1.360036
1.3237 1.318374
1.2816 1.277505
1.2187 1.244559
1.1583 1.183651
1.7500 1.585524
1.6330 1.432776
1.3091 1.268538
1.2635 1.207233
1.1716 1.061040
0.6473 0.743164
0.6392 0.691162
0.6036 0.513519
0.5957 0.453527
0.5721 0.628210
1.2455 1.211778
0.9124 0.978217
0.8967 0.863191
0.8709 0.913440
0.8567 0.773475
1.0962 1.067992
1.0762 1.101339
1.0463 1.036652
0.9668 0.960634
0.9520 0.942229
1.5468 1.519031
1.5229 1.395055
1.3982 1.305806
1.3887 1.257319
1.3251 1.316620
1.5493 1.530156
1.2887 1.273011
1.2747 1.256311
1.2520 1.236918
1.2378 1.240960
2.3827 2.574299
1.6257 1.600948
1.5499 1.458506
1.5496 1.514819
1.5033 1.518198
2.5887 2.632117
1.4289 1.435342
1.3377 1.339177
1.2662 1.219756
1.2555 1.286640
2.2122 2.085266
1.5462 1.563339
1.4959 1.569157
1.3859 1.394807
1.3233 1.258928
1.0155 1.007965
0.8150 0.802390
0.7891 0.773368
0.7845 0.776742
0.7260 0.714717
0.8863 0.672326
0.8607 0.859930
0.8389 0.841429
0.8280 0.708733
0.7916 0.830631
2.8064 2.803404
1.5577 1.543758
1.4469 1.419155
1.3495 1.377410
1.2213 1.231680
1.6462 1.569179
1.4555 1.506294
1.4344 1.436137
1.3339 1.393536
1.3306 1.376266
1.0213 0.980927
0.9753 0.920997
0.9296 0.892602
0.8933 0.870853
0.8618 0.843724
1.6760 1.686389
1.5953 1.498435
1.5934 1.520574
1.4844 1.435727
1.4842 1.442081
1.7940 1.732018
1.4580 1.444995
1.4437 1.431850
1.3975 1.390031
1.3606 1.396438
2.0235 1.975430
1.7933 1.570111
1.6553 1.759602
1.6122 1.652957
1.6055 1.387104
1.1372 1.004930
1.0411 1.199161
1.0162 1.313486
1.0112 0.899043
0.9966 1.095750
1.5968 1.137097
1.4342 1.091012
1.4013 0.979513
1.3403 1.073269
1.2868 0.975852
1.3978 1.647914
1.2591 1.273706
1.0946 1.095385
1.0290 1.010156
1.0095 0.881635
1.4582 1.323546
1.3716 1.294386
1.3398 1.157127
1.3266 1.443949
1.3244 1.398789
1.1621 1.166631
1.1535 1.269975
1.0639 1.047061
1.0555 1.110796
1.0553 1.031689
1.6491 1.525322
1.3555 1.361707
1.3535 1.494994
1.3159 1.220643
1.2869 1.182046
2.0630 2.145877
1.6203 1.585147
1.5673 1.463885
1.5237 1.402962
1.4548 1.369792
2.1222 2.253345
2.0952 2.034806
2.0080 2.018104
1.8882 1.723919
1.7851 1.776239
1.8362 1.677401
1.6295 1.647865
1.5664 1.378196
1.5158 1.596926
1.5089 1.465664
1.8204 1.822440
1.6964 1.614907
1.5391 1.692908
1.5211 1.416086
1.4895 1.644784
1.3604 1.378000
1.2487 1.240108
1.2096 1.200644
1.1750 1.168944
1.1708 1.162074
1.2436 1.208039
1.2058 1.075186
1.1695 1.167371
1.1530 1.125854
1.1320 1.144648
0.9909 0.973205
0.9545 0.915637
0.9433 0.908340
0.8714 0.776432
0.8607 0.843437
1.4649 1.251044
1.3399 1.110771
1.3176 1.321173
1.2726 1.326669
1.2483 1.246776
1.0059 0.936355
0.9659 0.971838
0.9486 0.877391
0.9287 0.832822
0.9141 0.815828
1.5563 1.444798
1.4173 1.220246
1.3555 1.119978
1.3437 1.260481
1.3240 1.198262
0.9885 0.952236
0.9401 0.832063
0.9305 0.958971
0.9147 0.838926
0.8939 0.888233
1.4188 1.435014
1.3790 1.465462
1.3581 1.328995
1.3030 1.254658
1.2120 1.152638
2.2421 2.226074
1.2806 1.170605
1.1668 1.249441
1.1606 1.078352
1.1307 1.227568
2.2282 2.131887
1.7697 1.649654
1.5504 1.272320
1.5278 1.276357
1.4905 1.426494
2.6534 2.684598
1.2548 1.255233
1.2416 1.229927
1.2109 1.223211
1.1881 1.117866
1.5422 1.428578
1.4011 1.292226
1.3716 1.613161
1.2142 1.290160
1.1621 1.212380
1.5336 1.515812
1.4911 1.506722
1.3043 1.324832
1.2932 1.402180
1.2491 1.237838
2.1754 2.106268
1.8743 1.852310
1.8512 1.802446
1.7493 1.721931
1.7166 1.655290
2.8056 2.785343
2.3761 2.356717
1.6406 1.629963
1.4500 1.423470
1.4489 1.437228
1.5864 1.538594
1.5421 1.340477
1.5075 1.478008
1.4622 1.412243
1.4138 1.223447
1.5340 1.455593
0.9966 0.987528
0.9782 0.964449
0.9724 0.998932
0.9702 0.944849
1.8505 1.843050
1.8413 1.843803
1.5826 1.572414
1.5668 1.566767
1.4142 1.399220
4.1695 4.115060
2.0862 2.081168
1.8464 1.962142
1.7864 1.724231
1.7733 1.818468
1.8612 1.775806
1.7844 1.517558
1.7593 1.706131
1.7305 1.646143
1.6932 1.424180
1.1442 1.101304
0.8880 0.763472
0.8477 0.748613
0.8411 0.805953
0.8373 0.855881
1.4508 1.380422
1.2766 1.335816
1.2549 1.283442
1.2362 1.236740
1.1938 1.275180
0.7053 0.618722
0.6898 0.586243
0.6604 0.591132
0.6550 0.572503
0.6456 0.611056
1.2849 1.375050
1.2466 1.235320
1.1630 1.305340
1.0371 1.010026
1.0355 0.913139
1.3335 1.319821
1.1977 1.178829
1.0604 1.048134
1.0266 1.014021
0.9826 0.969451
1.7054 1.714760
1.6290 1.630754
1.5667 1.473774
1.5337 1.574383
1.4658 1.339147
1.3000 1.286741
1.0570 1.098084
1.0487 1.024410
0.9667 0.966578
0.8933 0.876521
1.5743 1.523147
1.1154 1.148999
1.1135 1.022473
1.0980 1.126836
1.0642 1.095082
1.4286 1.487638
1.4116 1.470509
1.0619 1.082758
1.0100 0.884670
1.0081 1.031581
2.7007 2.713123
2.1994 2.153965
1.9615 1.950666
1.9613 1.915730
1.9046 1.809615
1.4385 1.393328
1.2795 1.252689
1.2047 1.188161
1.2026 1.186314
1.1667 1.160565
1.4589 1.394091
1.4432 1.573506
1.4221 1.366171
1.2871 1.253675
1.2426 1.283813
1.1238 1.070716
1.1188 1.076731
1.0782 1.056698
1.0670 1.079918
1.0643 1.174471
1.7847 1.771936
1.6820 1.746762
1.6524 1.667144
1.5965 1.400539
1.5498 1.641970
1.2007 1.191312
1.0241 1.017888
1.0173 1.008493
1.0012 0.943818
0.9370 0.927723
4.4332 4.482686
1.6468 1.631270
1.5574 1.503842
1.4828 1.211138
1.4700 1.428990
2.6073 2.559969
1.1876 1.229148
1.1374 1.121802
1.0940 1.105494
1.0892 1.126458
1.4899 1.375756
1.4701 1.281518
1.4653 1.526815
1.4330 1.359038
1.4031 1.369912
1.2759 1.270908
1.2031 1.248701
1.0840 1.162317
1.0754 1.115699
1.0111 1.086945
1.5380 1.432674
1.4660 1.419821
1.4410 1.393514
1.4077 1.297362
1.3899 1.418067
1.3153 1.283660
1.2013 1.054171
1.1293 1.012655
1.1208 1.073309
1.1015 1.048931
2.0841 2.148405
1.9308 1.843709
1.9291 2.020915
1.8456 1.915682
1.7976 1.594285
1.0455 1.062814
1.0298 1.064751
1.0135 1.037026
0.9963 0.943972
0.9706 0.923268
1.7243 1.520536
1.6158 1.536326
1.5800 1.574637
1.5444 1.471788
1.5417 1.666188
1.1401 1.175755
1.0429 1.078290
1.0048 0.970855
0.9949 1.073131
0.9831 0.941311
2.0347 1.896982
1.9500 1.759020
1.9040 1.766357
1.8069 1.578475
1.8054 1.573707
2.9479 3.254318
1.9710 2.075559
1.4017 1.365865
1.3785 1.334958
1.3607 1.276926
1.7427 1.603343
1.6842 1.721589
1.6801 1.673978
1.6535 1.634784
1.5535 1.565958
0.6580 0.653857
0.6149 0.612156
1.7111 1.698064
1.5955 1.573055
1.5527 1.551819
1.5226 1.485491
1.5098 1.458040
1.5496 1.500066
1.4546 1.215427
1.4278 1.442671
1.3865 1.317751
1.3840 1.376049
1.1208 0.998698
1.0134 0.833100
0.9158 0.855438
0.8971 0.684873
0.8589 0.753966
2.3974 2.392581
1.3037 1.355594
1.2392 1.273562
1.1551 1.134990
1.1212 1.172879
1.8850 2.037482
1.3970 1.376205
1.3006 1.575702
1.2669 1.199817
1.2168 1.499545
0.7621 0.760864
0.7568 0.727894
0.7195 0.704049
0.6910 0.628283
0.6839 0.750433
1.5003 1.500531
1.4783 1.465898
1.2604 1.070525
1.2109 1.096815
1.1580 0.901010
0.9290 0.888518
0.8742 0.973812
0.8441 0.791281
0.8173 0.840943
0.7860 0.744007
4.4834 4.643252
1.4796 1.459866
1.4163 1.407244
1.2879 1.239158
1.2513 1.298710
2.2486 2.189082
1.7828 1.778716
1.7606 1.762919
1.7273 1.709733
1.5234 1.499511
2.5752 2.629938
1.8912 1.947508
1.8873 1.892522
1.8811 1.904199
1.7585 1.891490
1.1685 1.013472
0.9774 0.967399
0.9698 0.878184
0.9650 0.900394
0.9626 0.921835
1.8207 1.674369
1.8151 1.652945
1.7496 1.540060
1.6383 1.647515
1.5613 1.531635
1.1717 1.143328
1.0931 1.066650
1.0754 1.060581
1.0717 1.066534
1.0115 0.956092
1.4809 1.432616
1.4681 1.333076
1.4316 1.475538
1.4131 1.122629
1.3732 1.401546
1.3672 1.334979
1.3216 1.269797
1.3054 1.258551
1.2197 1.198047
1.1538 1.132731
2.0388 1.831957
1.7885 1.789618
1.7421 1.689901
1.5339 1.470412
1.5284 1.528631
2.0287 2.117818
1.4868 1.500438
1.4473 1.461417
1.4436 1.456191
1.3963 1.411129
1.9129 1.974393
1.8887 1.799797
1.8882 1.800114
1.8424 1.580219
1.6644 1.634663
1.3303 1.310997
1.2671 1.229877
1.2008 1.197076
1.1330 1.153507
1.1031 1.076960
1.7043 1.915909
1.4505 1.519128
1.4203 1.339426
1.3546 1.305816
1.2858 1.205490
1.4152 1.381677
1.4024 1.435310
1.3292 1.270609
1.3175 1.180303
1.3098 1.251580
1.7688 1.893257
1.7179 1.750050
1.5792 1.441385
1.5659 1.564923
1.5221 1.669377
1.6141 1.453390
1.5599 1.566587
1.4313 1.270902
1.3771 1.384098
1.1944 1.225753
1.6144 1.609113
1.5586 1.428193
1.5010 1.442914
1.4079 1.408248
1.3888 1.495487
1.3935 1.217870
1.1097 1.138661
0.9958 0.898245
0.9492 1.029209
0.8870 0.825664
1.7697 1.945093
1.6241 1.415528
1.5446 1.538663
1.4060 1.294515
1.3843 1.366452
1.4775 1.399938
1.3598 1.293758
1.3292 1.349231
1.2653 1.254789
1.2634 1.296671
1.3908 1.314406
1.3612 1.137632
1.3595 1.326823
1.3375 1.192940
1.3257 1.299046
3.1405 3.182827
1.5189 1.507144
1.3856 1.400386
1.3742 1.353656
1.3630 1.385232
1.9295 2.062006
1.8474 2.043931
1.7048 1.877380
1.6751 1.629968
1.6613 1.563985
0.9646 0.961463
0.9031 0.899945
0.8437 0.840744
0.8279 0.826264
0.8201 0.816929
1.2492 1.305799
1.2187 1.252557
1.1943 1.179838
1.1608 1.258080
1.1272 1.088246
1.6586 1.650715
1.4517 1.331506
1.4172 1.425924
1.3802 1.394987
1.3785 1.336643
2.5592 2.573183
1.7086 1.579445
1.3982 1.115243
1.3607 1.410201
1.2664 1.251970
1.8385 1.887549
1.8028 1.782048
1.7850 1.769159
1.6016 1.586405
1.6013 1.673292
2.3533 2.212076
1.9694 1.864039
1.8767 1.723698
1.8478 1.742254
1.7830 1.696982
2.3269 2.394505
2.0968 2.121320
2.0822 2.000396
2.0807 2.179446
2.0541 1.972210
2.1875 2.015303
1.8870 1.719262
1.8644 1.801610
1.7307 1.733988
1.7076 1.548471
1.0677 1.071822
1.0625 1.066598
0.9494 1.001593
0.8844 0.914829
0.8834 0.837446
2.2034 2.106375
2.1946 2.097782
2.1192 1.997160
2.1104 1.993040
1.9895 1.910634
1.2172 1.242910
1.0916 1.086182
1.0639 0.991792
1.0387 1.116990
1.0366 1.014971
2.1117 2.102651
2.0768 1.905553
2.0670 1.920009
2.0227 2.050235
2.0144 1.822903
1.3957 1.399891
1.2873 1.398700
1.2848 1.290497
1.2793 1.301259
1.2244 1.196782
1.8019 1.773138
1.5271 1.313219
1.5256 1.792824
1.4558 1.403197
1.4341 1.415885
1.3345 1.282304
1.2365 1.217276
1.1056 1.078555
1.0808 1.076845
1.0419 1.059501
1.4590 1.321102
1.3719 1.550063
1.3563 1.458859
1.3208 1.151291
1.3079 1.427742
1.4561 1.460110
1.3548 1.361193
1.3087 1.251085
1.1583 1.168273
1.1470 1.169508
5.4484 5.698769
2.1283 2.033709
2.0746 1.945932
1.9721 2.015462
1.8975 1.771055
1.1109 1.041081
1.0648 1.049098
1.0528 1.052819
1.0040 0.997929
0.9861 0.972798
3.6262 3.684002
1.4417 1.457261
1.4375 1.474824
1.4187 1.447257
1.4166 1.410958
1.1150 1.045077
1.0302 0.858365
0.9980 0.863033
0.9949 0.879752
0.9765 1.226522
1.4031 1.516642
1.3993 1.250693
1.2650 1.298895
1.2628 0.902507
1.2423 0.830819
1.0317 0.925684
1.0008 0.989668
0.9100 0.864494
0.8880 0.925900
0.8673 0.856298
1.4337 1.307211
1.4201 1.354872
1.4043 1.313948
1.4034 1.215923
1.3829 1.266985
1.0557 1.009936
0.9625 0.997252
0.9193 0.858088
0.9183 0.920599
0.9171 0.814454
2.2715 2.313158
1.9864 2.006118
1.6260 1.778648
1.5536 1.817808
1.5183 1.531340
1.0396 1.033193
0.8732 0.822366
0.8341 0.889343
0.8167 0.834623
0.8157 0.750825
1.7519 1.762221
1.7519 1.859252
1.6601 1.693013
1.6567 1.520986
1.5790 1.623805
1.2545 1.222065
1.2523 1.268376
1.1912 1.150871
1.1283 1.162157
1.1259 1.093563
1.8607 2.025288
1.6641 1.510408
1.5323 1.374246
1.5034 1.360922
1.4970 1.397256
1.6523 1.543300
1.5594 1.510745
1.4953 1.559726
1.3636 1.321244
1.3095 1.229043
1.7747 1.602615
1.7565 1.602638
1.6597 1.520557
1.5881 1.397761
1.4987 1.730302
0.8450 0.828886
0.7887 0.843986
0.7758 0.770373
0.7274 0.698533
0.7248 0.752172
1.6520 1.620087
1.4634 1.497259
1.4157 1.332546
1.3750 1.312472
1.2553 1.227880
1.1702 1.163231
1.0359 1.009675
1.0152 0.962446
1.0080 1.073681
1.0077 1.000261
3.3720 3.264410
1.7152 1.590931
1.6401 1.688265
1.5464 1.631460
1.5395 1.629297
1.3522 1.354885
1.1365 1.205096
1.1317 1.051773
1.0464 0.986887
1.0110 0.963441
1.8799 1.716920
1.6724 1.614990
1.6462 1.407327
1.5599 1.484723
1.5350 1.360486
1.4878 1.406857
1.3278 1.319752
1.3019 1.369786
1.1790 1.131589
1.1592 1.028575
1.8750 1.799176
1.8032 1.949835
1.8026 2.001896
1.7701 2.021511
1.6680 1.734768
1.2659 1.100579
1.1518 1.167101
1.0812 1.108202
1.0392 1.102761
0.9970 1.100785
1.4247 1.454532
1.3790 1.373427
1.3722 1.473605
1.3673 1.490891
1.3579 1.262033
0.9257 0.950727
0.9030 0.936175
0.8577 0.813913
0.8449 0.884618
0.8410 0.776174
1.1299 0.946375
1.1016 0.899192
1.0653 1.216915
1.0581 0.878181
1.0156 1.099251
1.6424 1.587662
1.3086 1.299616
1.3059 1.272211
1.2717 1.262504
1.2342 1.192779
1.6296 1.629126
1.6254 1.657965
1.5494 1.429269
1.5487 1.658491
1.5477 1.516250
1.4067 1.324821
1.3105 1.240970
1.2642 1.110013
1.2617 1.214803
1.2550 1.310642
2.2305 1.933698
1.9102 1.658432
1.8776 1.554340
1.8623 1.629938
1.7464 1.654358
1.5293 1.462938
1.2055 1.247409
1.2019 1.176391
1.1703 1.168303
1.1403 1.124399
1.9523 1.952136
1.5547 1.477455
1.5489 1.450762
1.5464 1.440031
1.4376 1.320925
1.3260 1.358161
1.2898 1.263143
1.2644 1.280613
1.2205 1.236227
1.2156 1.227760
2.0457 1.955407
1.6621 1.588182
1.5345 1.512696
1.4958 1.459058
1.4685 1.503614
1.0200 1.016429
0.9601 0.955938
0.9325 0.929199
0.8397 0.836152
0.8139 0.810368
1.3238 1.290098
1.2890 1.279894
1.2719 1.227016
1.2488 1.274830
1.2332 1.246978
1.5076 1.556862
1.3818 1.356954
1.2423 1.242307
1.2159 1.240393
1.2134 1.150613
4.8244 5.139119
1.9730 1.931871
1.9259 1.902013
1.9179 1.925227
1.8599 1.820790
1.7649 1.746109
1.1862 1.173196
1.1749 1.154187
1.1560 1.153709
1.1535 1.128880
1.8437 1.862577
1.8404 1.999536
1.7049 1.576818
1.6847 1.625107
1.5173 1.399896
0.8117 0.809115
0.7895 0.786744
0.7504 0.746816
0.7376 0.735482
0.7363 0.733847
1.9540 1.956087
1.1473 1.072685
1.1454 1.065135
1.0729 1.044368
1.0080 1.110207
3.1214 3.108169
1.3282 1.323030
1.2352 1.255595
1.1643 1.158892
1.1303 1.123164
1.6446 1.675792
1.5621 1.763761
1.5063 1.494407
1.5027 1.502749
1.5011 1.473299
1.4034 1.395924
1.1282 1.118384
1.0728 1.065107
1.0035 0.996822
0.9708 0.963784
1.6918 1.751015
1.6602 1.731097
1.5187 1.552699
1.4837 1.505277
1.4604 1.450562
1.1685 1.123806
1.1484 1.135514
1.1156 1.093686
1.0426 1.030828
1.0354 1.016682
1.3666 1.266962
1.3434 1.307515
1.3432 1.216927
1.3359 1.270604
1.3293 1.431439
1.1406 1.109853
1.1029 1.120678
1.0443 1.007922
1.0321 0.985995
1.0253 0.985816
1.7184 1.731830
1.6423 1.771785
1.4557 1.397721
1.4238 1.256417
1.3969 1.303589
1.4365 1.455688
1.4028 1.396268
1.3114 1.258473
1.2612 1.307583
1.1856 1.180087
2.2546 2.358960
2.0757 2.192213
2.0297 2.050504
1.9430 2.111073
1.9361 2.093951
1.1667 1.171393
1.0807 1.095410
1.0711 1.074666
1.0690 1.041232
1.0341 1.016458
1.3864 1.201704
1.2972 1.362450
1.2093 1.325787
1.1969 0.966787
1.1942 1.060645
