3.9855 4.0847
1.4303 1.4682
1.4076 1.8471
1.3324 1.3753
1.3147 1.3885
1.7773 1.6038
1.5787 1.4160
1.4633 1.4431
1.4341 1.3946
1.4183 1.3887
1.8056 1.6780
1.6286 1.5990
1.5712 1.5361
1.5552 1.5451
1.5548 1.4963
2.1102 1.9733
2.0681 1.7058
1.9626 1.7732
1.8836 1.6112
1.8062 2.0068
1.4724 1.5145
1.3317 1.3318
1.2486 1.2340
1.2123 1.2275
1.2027 1.2827
2.8415 3.0519
2.0621 2.0090
1.9615 1.8690
1.9377 1.9434
1.9327 1.8993
1.3223 1.3660
1.2345 1.2207
1.2116 1.2284
1.2066 1.1488
1.1855 1.3151
1.6346 1.5470
1.6102 1.6750
1.5028 1.1855
1.4975 1.1761
1.4485 1.3684
1.4891 1.4978
1.3697 1.3810
1.3622 1.2718
1.2995 1.1931
1.2601 1.3237
2.1196 2.1089
2.1096 2.1602
2.1084 2.1215
2.0680 2.1107
2.0114 2.0067
1.4634 1.4692
1.4257 1.4194
1.3755 1.4215
1.3706 1.4071
1.3626 1.3408
3.1878 3.3756
2.7162 2.7869
2.3442 2.2647
2.2866 2.2497
2.2759 2.3071
2.4190 2.3545
1.9764 2.0183
1.8457 1.9194
1.8286 1.7601
1.6433 1.6565
2.5330 2.3038
2.3343 2.0955
1.9931 1.7872
1.9829 1.9644
1.9358 1.7481
1.5083 1.4599
1.3448 1.2635
1.3306 1.2906
1.2897 1.2237
1.2755 1.2509
2.0638 2.3710
2.0487 1.8576
2.0133 1.9441
1.9885 1.8154
1.9329 1.8930
1.4266 1.3627
1.4249 1.2819
1.3875 1.3167
1.3479 1.3505
1.3457 1.2909
1.7906 1.4858
1.6063 1.2372
1.5972 1.1971
1.5962 1.4357
1.5681 1.4222
1.4229 1.3957
1.2640 1.2271
1.2489 1.1889
1.2355 1.2934
1.1738 1.2223
2.4852 2.3277
2.3520 2.1280
2.3233 2.2327
2.1901 2.0330
2.1574 1.9933
1.6695 1.5870
1.5550 1.5114
1.5040 1.4883
1.4195 1.3983
1.2898 1.2075
1.8995 1.7774
1.8653 1.7505
1.6428 1.4671
1.5862 1.4575
1.5370 None
0.9235 0.9013
0.8017 0.7444
0.7648 0.8044
0.7644 0.6908
0.7621 0.5392
1.3336 1.0652
1.2316 0.9646
1.0949 0.8617
1.0667 0.9264
1.0340 0.8554
2.5418 2.5351
1.8940 1.8958
1.6624 1.6125
1.6601 1.5924
1.6571 1.6399
1.8230 1.9482
1.7159 1.6143
1.6076 1.7885
1.5253 1.3990
1.5064 1.3584
1.7159 1.7336
1.2968 1.3203
1.1760 1.1729
1.1449 1.1643
1.0866 1.0850
1.4072 1.4515
1.3846 1.4023
1.3439 1.3470
1.2309 1.1834
1.1523 1.1516
3.8598 4.0429
2.2553 2.4397
2.1316 2.1060
2.0950 2.2096
2.0225 2.2411
1.3488 1.3675
1.2281 1.0201
1.1886 1.1179
1.1862 1.0425
1.1688 1.2661
1.5727 1.6907
1.5719 1.3664
1.5713 1.7292
1.5708 1.5748
1.5421 1.5428
7.1863 7.5294
1.8419 2.0047
1.8245 1.9144
1.7824 1.7768
1.6935 1.6672
2.1550 2.0614
2.0977 2.1337
2.0157 1.9250
1.9900 2.0433
1.9681 1.8240
6.8683 7.1393
1.8306 1.7704
1.7617 1.7368
1.7538 1.8889
1.7441 1.6995
1.8815 1.7113
1.8551 1.7412
1.7836 1.6489
1.6865 1.8349
1.6794 1.5306
1.1292 1.1368
0.9822 0.9516
0.9821 0.9514
0.9816 0.9505
0.9816 0.9505
1.2501 1.1776
1.1652 1.1547
1.1285 1.1866
1.1151 1.1456
1.1114 1.1403
2.0401 2.4967
1.4206 1.3038
1.2224 1.0630
1.0834 1.0072
1.0581 0.9260
1.7053 1.3975
1.6570 1.6657
1.6117 1.2876
1.5894 1.3917
1.5663 1.3630
1.4989 1.4683
1.4304 1.3985
1.3148 1.2738
1.3136 1.2596
1.2711 1.2837
1.3935 1.6270
1.3398 1.2475
1.2960 1.0419
1.2915 1.1845
1.2614 1.0879
1.7052 1.7221
1.5512 1.5848
1.3906 1.4424
1.3682 1.3546
1.3597 1.4005
2.3759 2.3128
2.2833 2.2802
2.2673 2.2780
2.2434 2.2489
2.1842 2.2834
1.9777 2.0459
1.9527 2.0512
1.8442 1.7434
1.6735 1.6496
1.5747 1.4525
2.8142 2.7174
2.7803 2.6805
2.7228 2.6516
2.7181 2.6647
2.5409 2.4456
1.4436 1.3956
1.2441 1.2284
1.1974 1.1741
1.1899 1.1741
1.1569 1.0325
1.9225 1.9728
1.8610 1.7605
1.8415 1.9246
1.7774 1.9009
1.7522 1.7780
1.6918 1.5545
1.3964 1.3490
1.3541 1.3431
1.3525 1.3954
1.3495 1.3661
1.8517 1.6904
1.8231 1.6923
1.7302 1.5464
1.7280 1.4855
1.7279 1.4494
2.1275 2.0342
1.9208 1.8378
1.9198 1.8249
1.9177 1.9679
1.8968 1.9456
2.9075 2.4823
2.8318 2.5779
2.8095 2.4684
2.7629 2.5271
2.7382 2.5803
1.3814 1.4001
1.1761 1.1237
1.1297 1.0939
1.1143 1.0627
1.0972 1.0379
1.4869 1.3396
1.4788 1.4278
1.4461 1.4171
1.4239 1.5239
1.3880 1.2572
4.9549 5.0903
1.7038 1.7005
1.6511 1.6342
1.6316 1.6869
1.6258 1.6232
2.0811 2.1438
1.9495 2.1465
1.8163 1.9525
1.7577 1.7945
1.7368 1.5372
1.5313 1.5533
1.4088 1.4225
1.3589 1.4005
1.3435 1.2494
1.3412 1.3376
2.3233 2.6185
2.2732 2.1083
2.1281 2.1075
2.0100 2.0503
1.9822 1.9942
1.5819 1.6088
1.4223 1.3188
1.4141 1.3647
1.3470 1.4131
1.3470 1.4131
2.0650 2.1132
2.0570 2.1150
2.0160 2.1335
1.9394 1.9299
1.8914 2.0706
1.2412 1.2650
1.2380 1.2330
1.2277 1.1917
1.1998 1.1917
1.1676 1.0996
2.2533 2.0478
2.1369 2.0732
2.1281 1.9406
1.9698 1.7386
1.9205 1.6955
1.2216 1.2268
1.2087 1.2018
1.1660 1.1996
1.1182 1.0607
1.0828 1.1451
3.6345 3.9017
2.0213 1.7115
1.8299 1.6865
1.8058 1.4675
1.7675 1.5536
1.8641 1.9539
1.7855 1.7380
1.7559 1.7990
1.6460 1.4499
1.6215 1.5570
3.9607 3.9197
2.3905 2.2697
2.3314 2.1558
2.2703 2.2773
2.1864 2.2469
1.6700 1.7035
1.6052 1.6062
1.4986 1.5759
1.4353 1.2733
1.3800 1.2468
3.6737 3.6440
3.5938 3.5442
3.4146 3.5694
3.3214 3.2403
3.1963 3.2636
1.9428 1.9538
1.8054 1.7351
1.5543 1.4601
1.4927 1.5763
1.4855 1.8176
2.4553 2.4869
2.4360 2.5811
2.1982 1.8679
2.1365 2.1519
2.1332 2.2061
1.8556 1.8558
1.3225 1.2409
1.3046 1.0979
1.2889 1.2412
1.2878 1.2745
1.9068 1.7748
1.7891 1.4477
1.6572 1.3019
1.6469 1.3986
1.6325 1.4591
1.2438 1.2263
1.0895 1.0876
1.0123 0.9919
0.9843 0.9316
0.9382 0.9199
2.0004 1.8920
1.8058 1.7267
1.7537 1.6509
1.7378 1.6593
1.7147 1.6731
2.5601 2.5681
2.5475 2.5079
2.5376 2.4995
2.1059 2.0548
1.9295 1.9231
2.0378 2.2398
1.9544 2.1165
1.9213 1.7525
1.9085 1.6343
1.9022 2.0364
2.6638 2.3999
2.2340 2.0329
2.1692 1.9274
2.0373 1.9765
1.9691 1.8632
2.6713 2.2947
1.9931 1.9329
1.9036 1.3911
1.8950 1.6525
1.7149 1.6455
1.1296 1.0840
1.0569 1.1577
1.0278 1.0141
1.0027 0.9892
0.9223 0.9582
1.3199 1.3068
1.2794 1.2668
1.2498 1.1970
1.2392 1.2385
1.2379 1.2232
1.9571 1.7852
1.8288 1.6946
1.6467 1.5113
1.4913 1.4845
1.4784 1.4198
1.8702 1.6643
1.7915 1.5055
1.7620 1.7316
1.7616 1.4172
1.7025 1.2186
1.3975 1.4429
1.3950 1.4422
1.3878 1.2339
1.3815 1.1900
1.3325 1.1947
2.3271 2.1632
2.1781 2.0499
2.0605 1.9430
2.0335 2.2921
1.9822 2.0573
1.3289 1.3483
1.3159 1.3340
1.2889 1.2516
1.2510 1.2672
1.2460 1.2280
2.1966 2.6608
1.7771 1.4794
1.7347 1.4482
1.7261 1.6672
1.7158 1.6363
3.1493 3.0185
1.9763 1.8740
1.9368 1.8283
1.8908 1.9021
1.8561 1.9969
2.6482 2.9520
2.5566 2.8775
2.5349 2.2180
2.3539 2.0215
2.2394 2.0031
1.6192 1.6599
1.4937 1.4544
1.4609 1.4148
1.3881 1.3668
1.3700 1.3165
2.2828 2.2152
2.1297 1.8794
2.1111 1.8527
1.9721 1.8608
1.9361 1.9859
2.5415 2.3560
1.7623 1.6529
1.7182 1.5870
1.7100 1.6001
1.6950 1.6042
2.1624 1.7088
2.0566 1.8399
1.7788 1.5828
1.7705 1.5919
1.6860 1.5799
1.9457 1.8148
1.7800 1.7359
1.5648 1.5088
1.5101 1.5921
1.4853 1.4704
2.6637 2.7720
2.5429 2.4121
2.3146 2.1114
2.3057 2.3444
2.0222 2.0748
1.7047 1.6911
1.6086 1.5681
1.5202 1.4717
1.4748 1.4210
1.4101 1.3559
1.9904 1.9044
1.9856 1.8414
1.7310 1.6151
1.5292 1.4959
1.5265 1.5389
1.8410 1.6261
1.7501 1.7958
1.7003 1.4843
1.6266 1.4585
1.6056 1.6661
2.3570 2.3513
2.1860 2.0725
2.1224 2.0711
2.0746 1.9760
2.0712 1.9990
3.1451 3.7234
1.7326 1.9153
1.6796 1.5605
1.5768 1.4964
1.4027 1.2709
2.0168 1.5993
1.9632 1.9792
1.9117 1.7117
1.8537 1.9371
1.8169 1.7374
1.1025 1.0955
1.0702 1.0462
1.0603 1.0845
1.0414 1.0147
1.0352 1.0033
1.4639 1.3663
1.4418 1.2758
1.4155 1.3385
1.4006 1.3366
1.3785 1.2460
1.5581 1.4977
1.4113 1.4097
1.3951 1.3828
1.3921 1.3758
1.3536 1.3631
2.3804 2.2800
2.3270 2.2181
2.0474 1.9677
2.0100 1.6979
1.9315 1.7595
1.4035 1.3757
1.3835 1.2225
1.2965 1.1286
1.2868 1.2124
1.2833 1.1524
2.4708 2.5445
2.4446 2.6026
2.3913 2.5125
2.3233 2.4988
2.3054 2.3420
1.2509 1.3157
1.0637 1.1479
0.9748 0.9946
0.9451 0.9988
0.9314 0.8989
1.3189 1.3051
1.2567 1.1184
1.2340 1.1645
1.1691 1.0595
1.1565 1.1179
0.8724 0.9613
0.8711 0.8412
0.8512 0.8183
0.8402 0.8807
0.8350 1.0037
1.6021 1.6101
1.5907 1.5426
1.4777 1.2873
1.4495 1.5151
1.4324 1.3202
3.9619 3.9744
2.5013 2.6136
2.1026 2.2029
1.8243 1.7563
1.7469 1.7150
2.1853 2.0577
2.1756 2.4874
2.0346 2.2582
2.0277 1.8200
1.9309 1.8381
0.9423 0.9776
0.7868 0.8823
0.7658 0.7580
0.7384 0.7683
0.7120 0.7326
1.8131 1.8024
1.6820 1.6474
1.6729 1.5935
1.5342 1.4475
1.5313 1.4229
2.0326 1.9319
1.9587 1.7385
1.7862 1.6143
1.7474 1.5894
1.7432 1.6076
3.1031 3.5170
1.4857 1.4949
1.4666 1.4839
1.4075 1.3277
1.3744 1.3775
1.7489 1.8377
1.7116 1.8178
1.7031 1.8137
1.6195 1.6849
1.5407 1.4396
1.1472 1.1188
0.9869 0.9619
0.8523 0.8736
0.8479 0.8964
0.8380 0.8354
1.3326 1.2665
1.2226 1.1437
1.1863 1.0062
1.1729 1.0169
1.0824 0.9728
1.7834 1.8502
0.9747 1.0304
0.9640 0.8048
0.9539 0.9981
0.8895 0.9486
1.4944 1.6218
1.4522 1.2683
1.4299 1.5803
1.4155 1.5462
1.3557 1.2856
2.6513 2.6257
1.4341 1.4596
1.4264 1.4353
1.3335 1.3628
1.3129 1.2992
1.6606 1.6796
1.6594 1.6605
1.5598 1.4489
1.5387 1.5432
1.5338 1.2609
3.2638 3.2012
1.5568 1.5367
1.4166 1.4007
1.4051 1.3840
1.3693 1.3032
1.7735 1.4862
1.7635 1.6615
1.7524 1.6587
1.6504 1.5372
1.6126 1.5239
2.2714 2.1305
1.8786 1.7741
1.8678 1.7321
1.6612 1.5193
1.4287 1.3616
1.9031 1.5868
1.5606 1.7221
1.5514 1.3570
1.5150 1.3801
1.4717 1.6570
1.3970 1.3778
0.9145 0.8507
0.9054 0.9003
0.8566 0.8566
0.8014 0.8414
3.6796 3.7070
1.6509 1.6722
1.5674 1.5468
1.5490 1.4862
1.5321 1.4296
3.8668 4.0009
2.1358 2.2121
1.8776 1.8919
1.7097 1.7429
1.6095 1.5940
2.1838 2.1885
1.9294 1.7149
1.8496 1.5849
1.8076 1.5738
1.8053 1.5707
3.7266 3.8087
1.6629 1.6139
1.6313 1.6662
1.6059 1.5435
1.4126 1.3662
1.8837 1.4191
1.7166 1.7834
1.6008 1.7350
1.5472 1.5320
1.5259 1.3250
1.2282 1.2113
1.1398 1.1062
1.1331 1.1262
1.1244 1.0531
1.1212 1.0479
1.5728 1.5389
1.5344 1.6032
1.3749 1.3585
1.3700 1.4012
1.3693 1.2913
1.3685 1.2558
1.3516 1.0046
1.2658 1.1411
1.2506 1.1070
1.2324 1.1858
1.5268 1.2100
1.4499 1.2218
1.4290 1.1539
1.3904 1.1025
1.3855 1.1679
1.4944 1.4557
1.4338 1.3926
1.4018 1.3391
1.3854 1.3689
1.3802 1.3348
1.6049 1.6377
1.5272 1.4056
1.4598 1.2462
1.4243 1.0882
1.4170 1.4108
1.4236 1.2550
1.2401 1.2144
1.1596 1.0851
1.1402 1.0858
1.1341 1.0893
1.4767 1.2744
1.3979 1.1224
1.3954 1.2534
1.3918 1.1457
1.3365 1.0649
1.0813 0.8568
1.0013 0.8781
0.9461 0.8469
0.9370 0.9061
0.9032 0.8000
2.0601 1.7226
1.6411 1.3963
1.5994 1.2585
1.5633 1.3203
1.5498 1.1856
2.6460 2.7050
1.5487 1.5010
1.3962 1.4338
1.3460 1.3015
1.3422 1.3204
1.8130 1.7058
1.7642 1.8085
1.6342 1.3994
1.6140 1.3732
1.5749 1.4654
0.9583 0.9399
0.9244 0.8859
0.9215 0.8697
0.9205 0.8869
0.9123 0.9014
2.0473 1.8787
1.8914 1.9787
1.6261 1.4548
1.6054 1.4565
1.4645 1.2222
1.5953 1.4404
1.5268 1.4014
1.5060 1.6469
1.4177 1.5398
1.3764 1.2841
1.8815 1.7568
1.7615 1.8122
1.7610 1.6599
1.6798 1.7479
1.6243 1.8445
0.9805 0.9403
0.9047 0.8941
0.7795 0.7730
0.7618 0.7187
0.7269 0.5820
1.5012 1.4974
1.4150 1.2868
1.3542 1.0519
1.3461 1.3004
1.3170 1.2740
1.1393 1.2558
1.1130 0.9923
1.0742 0.9505
1.0570 1.0436
1.0499 0.9672
1.5622 1.3392
1.4532 1.5651
1.4389 1.1880
1.4308 1.4574
1.3823 1.3791
1.5262 1.4919
1.5019 1.4536
1.4373 1.4203
1.3103 1.2420
1.3033 1.2273
1.9877 1.9239
1.7400 1.5634
1.6598 1.7837
1.4641 1.5585
1.4631 1.5803
1.2190 1.2870
1.1739 1.2272
1.1614 1.1855
1.1423 1.3062
1.1382 1.1573
1.4802 1.2869
1.4617 1.3209
1.4042 1.2900
1.3625 1.3882
1.3299 1.2595
1.3641 1.3002
1.2628 1.2318
1.2369 1.1283
1.1839 1.1358
1.1064 1.0343
2.0143 2.2013
1.5688 1.6687
1.5288 1.4000
1.4994 1.4072
1.4982 1.4133
1.1885 1.1579
1.0819 1.1263
1.0797 1.0212
1.0687 1.0298
1.0388 0.9551
2.1495 1.9801
1.8127 1.7017
1.7996 1.7348
1.4485 1.2758
1.4264 1.4037
1.1584 1.0925
1.1241 1.0950
1.1098 1.1229
1.0758 0.9664
1.0103 0.9512
1.7586 1.6816
1.7546 1.5471
1.6688 1.4620
1.6675 2.1698
1.6149 1.7076
1.2580 1.2715
1.2451 1.2086
1.2447 1.1683
1.2002 1.2071
1.1980 1.1341
1.8939 1.8442
1.7375 1.6985
1.7284 1.4851
1.7042 1.5790
1.6613 1.6077
1.2573 1.2783
1.1688 1.0986
1.0688 0.9983
1.0663 0.9739
1.0628 0.9434
1.7906 1.3247
1.6489 1.5236
1.6024 1.3057
1.5867 1.3212
1.5437 1.2510
1.4954 1.4863
1.4728 1.5792
1.4682 1.5624
1.4605 1.9369
1.4572 1.0128
2.4182 2.2549
1.9409 1.7006
1.8697 1.6372
1.7595 1.6162
1.7522 1.8164
0.7274 0.7279
0.7274 0.7279
0.7144 0.7142
0.6592 0.6299
0.6543 0.6504
0.8245 0.7787
0.8104 0.7644
0.8079 0.7991
0.7957 0.7514
0.7923 0.7621
1.7812 1.8186
1.5953 1.6029
1.5859 1.5463
1.5085 1.3932
1.4972 1.4610
1.4032 1.2023
1.3333 1.2994
1.3182 1.2605
1.2537 1.2809
1.2528 1.1685
1.5482 1.4584
1.3785 1.3642
1.3603 1.3252
1.3481 1.2557
1.3307 1.2115
2.2085 2.0685
2.0123 1.8322
2.0051 1.8032
1.9794 1.7494
1.8691 1.4362
1.6578 1.6053
1.4143 1.3390
1.4135 1.3208
1.3552 1.3512
1.3148 1.5292
2.2744 2.1152
2.1898 1.7524
2.1699 1.8028
2.0570 1.8257
2.0511 2.1477
1.9487 1.8813
1.9281 1.8599
1.8021 2.1806
1.7209 2.0213
1.7075 1.4915
2.4805 2.5240
2.0192 2.5020
1.9271 1.9162
1.8749 1.2638
1.8645 1.8279
1.0438 1.0124
0.9239 0.9272
0.9041 0.8783
0.8950 0.8990
0.8257 0.7749
1.1464 1.0912
1.1393 1.0863
1.0948 0.9652
1.0657 0.9225
1.0065 0.9816
0.7031 0.7600
0.6343 0.6333
0.5485 0.5518
0.5269 0.5128
0.4988 0.4854
0.7623 0.7732
0.7065 0.6568
0.6912 0.6979
0.6817 0.7705
0.6745 0.6872
1.3273 1.2903
1.3196 1.2761
1.0770 1.0250
0.9786 0.9108
0.9368 0.9013
4.3405 4.4434
2.3134 2.5062
1.9878 1.9899
1.9070 1.8243
1.8968 1.8235
1.4263 1.3829
1.3225 1.3187
1.2931 1.2464
1.2856 1.3053
1.2509 1.2039
1.5893 1.4137
1.4777 1.3989
1.4751 1.4383
1.4569 1.3766
1.4299 1.3079
1.2541 1.1446
1.1471 1.1250
1.1087 1.0886
1.0696 1.3852
1.0641 None
2.1397 2.2607
2.1202 2.0659
1.9845 2.1385
1.9115 1.8233
1.7839 1.7191
3.3539 3.4641
2.5130 2.6825
2.0949 2.1335
2.0446 2.0815
1.9570 1.9994
1.8007 1.5315
1.6346 1.3601
1.5393 1.4511
1.5098 1.5571
1.5097 1.6408
1.8273 1.6048
1.7829 1.5644
1.7724 1.6647
1.7463 1.5733
1.7382 1.8557
1.9192 1.4360
1.7921 1.7048
1.7285 1.4229
1.7212 1.6075
1.7136 1.3332
1.7077 1.7267
1.5776 1.5905
1.2805 1.3175
1.2661 1.1133
1.2408 1.1733
2.2059 2.1518
2.1060 2.2417
2.0772 2.0372
1.8888 2.0508
1.8255 1.9735
1.3203 1.3178
1.3137 1.2936
1.2860 1.3036
1.2290 1.1948
1.2053 1.2061
1.8192 1.7798
1.5385 1.7605
1.4566 1.3591
1.4182 1.3144
1.3902 1.3858
1.3222 1.4128
1.3067 1.3662
1.2133 1.2891
1.2090 1.2356
1.2046 1.2703
