1.4128 1.346111
1.3662 1.279664
1.2891 1.139156
1.2703 1.279020
1.2356 1.101122
1.7336 1.599323
1.3203 1.131294
1.1729 1.073299
1.1643 0.894374
1.0850 1.051611
2.4967 2.017479
1.3038 1.400982
1.2493 1.143056
1.2238 1.031766
1.2181 0.694681
1.6657 1.585106
1.6021 1.292622
1.5829 1.281046
1.5772 1.529039
1.5770 1.376788
1.4683 1.488023
1.3985 1.404657
1.2837 1.317645
1.2782 1.201322
1.2738 1.288191
1.6270 1.280589
1.4068 1.079205
1.2954 1.033027
1.2949 1.307356
1.2810 1.031784
1.4001 1.314003
1.2353 0.859951
1.1543 0.732348
1.1345 1.076339
1.1237 1.227578
1.5239 1.439169
1.4916 1.240532
1.4298 1.201710
1.4278 1.430856
1.4171 1.420225
1.8558 1.849181
1.4675 1.025108
1.3287 1.009677
1.3111 0.691588
1.2749 0.954808
1.7748 1.926347
1.5845 1.604091
1.5453 1.433096
1.5290 1.556776
1.5132 1.656243
1.6911 1.695497
1.5681 1.599493
1.5638 1.526108
1.4717 1.510869
1.4210 1.463218
1.9044 1.960385
1.8414 1.909917
1.6151 1.721048
1.5810 1.562044
1.5536 1.461287
1.0955 1.061571
1.0845 1.037231
1.0462 1.107111
1.0367 1.013695
1.0147 1.065637
1.3663 1.096795
1.3563 1.140848
1.3385 1.066692
1.3366 1.013065
1.3296 1.249177
1.8024 1.815690
1.6474 1.632115
1.5935 1.740911
1.5068 1.056464
1.4805 1.547329
1.9319 1.912857
1.7635 1.313548
1.7471 1.237766
1.7385 1.784268
1.7374 1.473582
3.5170 3.077095
1.4949 1.505295
1.4839 1.468996
1.3775 1.308376
1.3277 1.378750
1.8377 1.701656
1.8178 1.708318
1.8137 1.684656
1.6849 1.737288
1.5286 1.492308
1.1188 0.979954
0.9619 0.870395
0.8964 1.106226
0.8736 0.811237
0.8580 0.559091
1.2918 0.874018
1.2665 1.500346
1.1534 0.659127
1.1437 1.281526
1.0715 1.076862
1.8502 1.749623
1.1123 0.822332
1.0304 0.892389
0.9981 0.938364
0.9943 0.601355
1.6218 1.347558
1.5803 1.271528
1.5462 1.260865
1.4833 0.999680
1.4476 1.335168
2.6257 2.475635
1.4596 1.242109
1.4353 1.442004
1.4293 1.006465
1.3628 1.390380
1.6796 1.441311
1.6605 1.431479
1.6220 1.451235
1.5432 1.555257
1.4999 1.315916
3.2012 3.126479
1.5367 1.519531
1.4269 1.090510
1.4007 1.390942
1.3840 1.358211
1.7638 1.511926
1.6615 1.687817
1.6587 1.583053
1.5372 1.508127
1.5239 1.562172
2.1305 2.163931
1.7741 1.791588
1.7321 1.802175
1.5193 1.645405
1.4152 1.065127
1.7221 1.564220
1.6836 1.439454
1.6570 1.631420
1.6407 1.619825
1.5868 1.665833
1.3778 1.279767
1.0308 0.643816
0.9522 0.906553
0.9513 0.656045
0.9264 0.811375
3.7070 3.502431
1.6722 1.665437
1.5468 1.231706
1.4944 1.236541
1.4897 1.438476
4.0009 3.795810
2.2121 1.945777
1.8919 1.889218
1.7429 1.781475
1.6640 1.765189
2.1885 2.062971
1.9087 1.538474
1.7829 1.724973
1.7350 1.713847
1.7164 1.283118
3.8087 3.422331
1.6662 1.581027
1.6139 1.390060
1.5435 1.427279
1.5417 1.521885
1.7834 1.680839
1.7350 1.484897
1.6105 1.181414
1.6040 1.377833
1.5685 1.408916
1.3645 0.931673
1.2113 1.237230
1.2006 0.871416
1.1843 0.862217
1.1694 0.876871
1.6032 1.537867
1.5978 1.232353
1.5434 1.169225
1.5389 1.514312
1.4012 1.378835
1.2771 1.252444
1.2558 1.309837
1.1998 0.722614
1.1914 1.296852
1.1858 1.168078
1.6617 1.270764
1.3936 0.965907
1.3411 1.052971
1.3234 1.105519
1.3021 0.885706
1.5983 1.210108
1.4557 1.470237
1.3926 1.403500
1.3918 0.913463
1.3725 1.375032
1.6377 1.640270
1.4108 1.472607
1.4056 1.553655
1.3374 1.437681
1.2881 1.428521
1.2550 1.413001
1.2144 1.229787
1.1214 1.139880
1.0921 0.794529
1.0893 1.125089
1.3618 1.528443
1.3226 0.913131
1.3182 1.479122
1.2782 0.950489
1.2744 1.424960
0.9945 1.042952
0.9061 0.924912
0.9056 0.959632
0.8826 0.746290
0.8781 0.989100
1.7226 2.066306
1.4892 1.394382
1.3963 1.521035
1.3203 1.695432
1.3182 0.869287
2.7050 2.601093
1.7905 1.264813
1.6621 1.098712
1.5829 1.211521
1.5010 1.519239
1.8085 1.763960
1.8021 1.407226
1.7058 1.707099
1.6920 1.271146
1.5714 1.532985
1.0294 0.572062
0.9399 0.851658
0.9075 0.536103
0.9014 0.852255
0.8900 0.593596
1.9787 1.754744
1.8787 2.123719
1.4565 1.341712
1.4548 1.486967
1.4529 1.035161
1.6469 1.470477
1.5398 1.405273
1.4703 1.201982
1.4637 1.162160
1.4404 1.619256
1.8522 1.576506
1.8451 1.572348
1.8445 1.807838
1.8122 1.825598
1.7654 1.816032
0.9403 0.778712
0.9071 0.740110
0.8941 0.846166
0.8075 0.663621
0.7730 0.631772
1.4974 1.395711
1.4401 1.269745
1.3606 1.170295
1.3004 1.654433
1.2868 1.498149
1.2565 0.874597
1.2558 1.112909
1.2170 1.200042
1.1651 1.154312
1.1432 0.981302
1.5651 1.495869
1.4721 1.299052
1.4574 1.585347
1.3791 1.433753
1.3392 1.477862
1.4919 1.499238
1.4536 1.332181
1.4203 1.377031
1.3754 0.997705
1.3111 1.014639
1.9239 1.783702
1.7837 1.561065
1.6343 1.319584
1.6207 1.219667
1.6124 1.338425
1.3741 0.992512
1.3062 1.104155
1.2870 1.132447
1.2664 0.883698
1.2325 0.847264
1.5109 1.284546
1.4306 1.158726
1.4300 1.118227
1.3882 1.576309
1.3608 1.138262
1.3002 1.240420
1.2318 1.143612
1.2074 1.080646
1.1759 1.039530
1.1690 0.623169
2.2013 1.823491
1.6687 1.546480
1.6287 1.402243
1.5827 1.588511
1.5410 1.302873
1.1579 1.189477
1.1263 1.005685
1.0326 0.853036
1.0298 1.148190
1.0212 1.150126
1.9801 1.867429
1.7506 1.280715
1.7348 1.514990
1.7017 1.735152
1.6288 1.534549
1.1229 1.100481
1.1216 0.723735
1.0950 1.116541
1.0925 1.149800
1.0696 0.666896
2.1698 1.812756
1.8246 1.318984
1.7732 1.507006
1.7596 1.174868
1.7246 0.999556
1.2715 1.236260
1.2086 1.251519
1.2071 1.177953
1.1683 1.207004
1.1636 1.153590
1.8929 1.574495
1.8442 1.707062
1.8351 1.329069
1.8064 1.353614
1.7964 1.335580
1.2783 1.246172
1.1749 1.243997
1.1677 1.105927
1.1271 1.110543
1.1209 0.641669
1.5236 1.664104
1.4784 1.355882
1.4776 1.276823
1.3866 1.187783
1.3566 1.297315
1.9369 1.452376
1.7045 1.164826
1.6038 1.182694
1.5792 1.464396
1.5624 1.424959
2.2549 2.460411
1.9158 1.482226
1.8164 1.718672
1.7584 1.208547
1.7212 1.689771
0.7279 0.365713
0.7279 0.525383
0.7142 0.437850
0.6504 1.156147
0.6448 1.054695
0.8836 0.908418
0.8240 1.108839
0.8199 0.882278
0.7991 0.169390
0.7955 0.899875
1.8186 1.836290
1.6029 1.538181
1.5463 1.566210
1.4965 1.454253
1.4728 1.008867
1.4273 0.827188
1.3701 1.293068
1.3698 1.185704
1.3557 0.971686
1.3472 1.159550
1.4584 1.541130
1.3734 1.286263
1.3642 1.370039
1.3252 1.353214
1.2844 0.890748
2.0685 2.180573
1.8322 1.926318
1.8032 1.861899
1.7560 1.317019
1.7494 1.982804
1.6053 1.651356
1.5292 1.297233
1.3512 1.344760
1.3390 1.392669
1.3208 1.418164
2.1477 2.254368
2.1152 2.296248
1.8537 2.106616
1.8257 2.088219
1.8028 2.170587
2.1806 1.651906
2.0213 1.686238
1.8948 1.512537
1.8813 1.859847
1.8773 1.457003
2.5240 2.288914
2.5020 2.040035
1.9162 1.812106
1.9002 1.549977
1.8748 1.777705
1.0124 1.017880
0.9272 0.797509
0.9182 0.991553
0.8990 0.710013
0.8783 0.753297
1.1405 1.128844
1.0912 1.429019
1.0863 1.574799
1.0636 0.774562
1.0324 0.410617
0.7600 1.022412
0.6333 0.780888
0.6074 0.794883
0.6028 0.472128
0.6028 0.726294
0.8644 0.886113
0.8045 0.072974
0.7732 0.340966
0.7705 0.742382
0.7624 0.851958
1.2903 1.363366
1.2761 1.296107
1.1020 1.098263
1.0250 1.013553
0.9968 0.748942
4.4434 4.337891
2.5062 2.360377
1.9899 1.841963
1.9244 1.625460
1.8677 1.937882
1.3829 1.417663
1.3423 1.210312
1.3187 1.351892
1.3053 1.277747
1.2526 1.081324
1.5438 1.410565
1.4463 1.323309
1.4383 1.486564
1.4377 1.437024
1.4195 1.370044
1.3852 0.949802
1.1634 1.111511
1.1446 1.506770
1.1250 1.049105
1.1036 1.069126
2.2607 1.919990
2.1385 1.761732
2.0659 2.040037
1.8389 1.504617
1.8233 1.874218
3.4641 3.304021
2.6825 2.467540
2.1335 2.003226
2.0815 1.967086
1.9994 1.873224
1.6796 1.685850
1.6408 1.476772
1.6317 1.489276
1.6137 1.499713
1.5609 1.392502
1.8557 1.717160
1.6647 1.754090
1.6048 1.796621
1.5795 1.612252
1.5733 1.829438
1.7048 1.802270
1.6789 1.747454
1.6422 1.702316
1.6216 1.684995
1.6075 1.724891
1.7267 1.378813
1.5905 1.239500
1.3175 0.970013
1.3075 1.517041
1.3008 1.369867
2.2417 1.644550
2.1518 1.129355
2.0515 1.696815
2.0508 1.084083
2.0372 1.181883
1.3178 1.192986
1.3036 1.181414
1.2936 1.560291
1.2061 1.076606
1.1948 1.108815
1.7798 1.765556
1.7605 1.668680
1.5894 1.501068
1.4280 1.318612
1.3858 1.735823
4.0847 3.985811
1.8471 1.436277
1.4682 1.475326
1.4010 1.174721
1.3885 1.358533
1.6038 1.607835
1.4431 1.481635
1.4160 1.397247
1.3946 1.480977
1.3887 1.374486
1.6780 1.747399
1.5990 1.624886
1.5451 1.570589
1.5361 1.523903
1.5335 1.581951
2.0068 1.688484
1.9733 1.978283
1.7983 1.525481
1.7732 1.838833
1.7477 1.403589
1.5145 1.213657
1.3318 1.357221
1.2827 1.210918
1.2340 1.307002
1.2275 0.928062
3.0519 2.862478
2.0090 1.908711
1.9695 1.767008
1.9434 1.796387
1.8993 1.680341
1.3660 1.244874
1.3151 1.191532
1.2284 1.170703
1.2207 1.188625
1.1856 1.110933
1.6750 1.591217
1.5979 1.342316
1.5483 1.359742
1.5470 1.391832
1.5082 1.406385
1.4978 1.472402
1.3810 1.412645
1.3529 1.084860
1.3237 1.345204
1.2718 1.302181
2.1602 2.077572
2.1215 2.080570
2.1107 2.125482
2.1089 2.152276
2.0575 1.908128
1.4692 1.410264
1.4215 1.542794
1.4194 1.351707
1.4071 1.543270
1.3408 1.340811
3.3756 3.102766
2.7869 2.477087
2.3071 2.034358
2.2647 1.924603
2.2497 2.081961
2.3545 2.373472
2.0183 2.036489
1.9194 1.880587
1.7601 1.683417
1.6565 1.645242
2.3038 2.472090
2.0955 2.238379
1.9644 2.012086
1.9068 2.009577
1.8077 1.585148
1.4599 1.495834
1.2906 1.320284
1.2711 0.823184
1.2635 1.334113
1.2509 1.264941
2.3710 2.063298
2.1726 1.635212
2.1056 1.743573
2.0289 1.766259
1.9867 1.713897
1.4342 1.158941
1.3627 1.398499
1.3505 1.318696
1.3167 1.376059
1.3113 0.883937
1.8345 1.654855
1.5780 1.521652
1.5548 1.327552
1.4858 1.827666
1.4480 0.961037
1.3957 1.412990
1.2934 1.201237
1.2271 1.234297
1.2223 1.165969
1.2047 0.904776
2.3277 2.366182
2.2327 2.269187
2.1280 2.185725
2.0330 2.088730
1.9933 2.020933
1.5870 1.660158
1.5114 1.511324
1.4883 1.523788
1.4470 1.126314
1.3983 1.438657
1.8071 1.639001
1.7774 1.801938
1.7505 1.796822
1.7013 1.522348
1.6977 1.519101
0.9333 0.605579
0.9013 1.010054
0.8376 0.989352
0.8044 0.986880
0.8029 0.983779
1.1678 0.843077
1.0652 1.372921
1.0511 0.677730
1.0149 0.884095
1.0089 0.761157
2.5351 2.535007
1.8958 1.912793
1.6454 1.641750
1.6399 1.637825
1.6125 1.660917
1.9482 1.852639
1.7885 1.696959
1.6143 1.661747
1.6092 1.530004
1.5965 1.592980
1.4515 1.539039
1.4023 1.324590
1.3470 1.279103
1.3102 1.128513
1.1834 1.185822
4.0429 4.228575
2.4397 2.372989
2.2411 2.379791
2.2096 2.003777
2.1060 2.167271
1.3675 1.118878
1.2661 1.123689
1.2637 1.212446
1.2579 1.192484
1.2095 1.100756
1.7302 1.378492
1.7292 1.663131
1.6907 1.640458
1.6402 1.432153
1.6307 1.451316
7.5294 7.228148
2.0047 1.884387
1.9144 1.955558
1.7768 1.727292
1.7645 1.653799
2.1337 1.938461
2.0614 2.078561
2.0433 1.840150
2.0269 1.676038
1.9999 1.842642
7.1393 6.871373
1.8889 1.731152
1.8672 1.735933
1.8306 1.559653
1.7872 1.763035
1.8468 1.654120
1.8349 1.624151
1.7412 1.762648
1.7366 1.612439
1.7200 1.666295
1.1368 0.777178
0.9554 2.756495
0.9516 0.874108
0.9514 0.975928
0.9505 0.999626
1.2046 0.775720
1.1918 0.710031
1.1866 1.382665
1.1782 0.654893
1.1776 1.261527
1.7627 1.747654
1.7221 1.718012
1.5848 1.650544
1.4424 1.462818
1.4005 1.361476
2.3128 2.277280
2.3108 2.140835
2.2867 2.121278
2.2834 2.109304
2.2802 2.141929
2.0512 1.925870
2.0459 2.044871
1.7434 1.730176
1.6496 1.687033
1.6154 1.594259
2.7174 2.712508
2.6805 2.686106
2.6647 2.653038
2.6516 2.660122
2.4456 2.428128
1.3956 1.408068
1.2845 1.153724
1.2398 0.871169
1.2284 1.209013
1.1926 1.162940
2.0208 1.761057
1.9728 1.887839
1.9246 1.832359
1.9117 1.581714
1.9083 1.659668
1.5545 1.419837
1.4350 1.399762
1.4005 1.346818
1.3998 1.351716
1.3954 1.312835
1.6923 1.648405
1.6904 1.755606
1.6156 1.500026
1.6136 1.668172
1.5948 1.314900
2.0342 1.965561
1.9679 1.898560
1.9456 1.880075
1.8378 1.622467
1.8249 1.765137
2.5803 2.837168
2.5779 2.681877
2.5271 2.795267
2.4823 2.683962
2.4684 2.661418
5.0903 4.956950
1.7005 1.614628
1.6869 1.635265
1.6783 1.541116
1.6407 1.505640
2.1465 2.087888
2.1438 2.082270
1.9525 1.911763
1.8227 1.574310
1.7945 1.801791
1.5533 1.496757
1.4305 1.447390
1.4225 1.404461
1.4005 1.357953
1.3554 1.357556
2.6185 2.197031
2.1083 2.038962
2.1075 2.018218
2.0503 1.942092
2.0414 1.782484
1.9601 1.678483
1.6088 1.505601
1.5279 1.086107
1.4440 1.334240
1.4131 1.388893
2.1335 1.938749
2.1150 2.117144
2.1132 2.113107
2.0706 1.992434
1.9299 1.939335
1.2650 1.276867
1.2330 1.299977
1.1917 1.210452
1.1917 1.212291
1.1357 1.063852
2.0732 2.348987
2.0478 2.310289
1.9678 1.896137
1.9406 2.198890
1.8521 2.269112
1.4686 0.802860
1.3538 0.699521
1.3409 0.626718
1.2824 0.565069
1.2294 0.651646
3.9017 3.901061
1.8017 1.546509
1.7115 2.012913
1.6865 1.690391
1.6003 1.402173
1.9539 1.825062
1.7990 1.710484
1.7752 1.714809
1.7380 1.593143
1.5570 1.579867
3.9197 4.010980
2.5039 2.360453
2.2773 2.177989
2.2697 2.220399
2.2469 2.212284
1.7035 1.644975
1.6062 1.759496
1.5759 1.516059
1.4760 1.095998
1.3584 1.360806
3.6440 3.757867
3.5694 3.447905
3.5442 3.649372
3.2636 3.339132
3.2403 3.312864
1.9538 1.895349
1.8176 1.563214
1.7351 1.745048
1.5763 1.608853
1.4601 1.469359
2.5811 2.483575
2.4869 2.378602
2.4381 2.184359
2.2086 2.145392
2.2061 2.136624
1.2263 1.255758
1.1660 0.989155
1.1445 0.928247
1.0876 0.862255
0.9919 0.902578
1.8920 1.883158
1.7267 1.707545
1.6731 1.568555
1.6593 1.561367
1.6509 1.620497
2.5681 2.595162
2.5079 2.535301
2.4995 2.540266
2.1339 2.246225
2.1255 2.251190
2.2398 2.092135
2.1376 1.920425
2.1165 1.951820
2.1131 2.171724
2.0829 1.898228
2.3999 2.647613
2.0329 2.100083
1.9765 2.024840
1.9274 2.036072
1.8632 2.034184
2.2947 2.626947
1.9329 2.043527
1.6950 1.799497
1.6525 1.826777
1.6455 1.805205
1.2089 1.150427
1.1577 1.062927
1.0840 1.011517
1.0141 1.054969
0.9892 1.002548
1.3068 1.368549
1.2843 1.212740
1.2784 1.355167
1.2668 1.087405
1.2467 0.762799
1.7852 1.865024
1.6946 1.736638
1.5511 1.432356
1.5419 1.561292
1.5113 1.593451
1.8602 1.241386
1.8599 1.471057
1.8525 1.541524
1.8497 1.508681
1.7454 1.837074
1.6566 1.669173
1.4516 1.171133
1.4429 1.435758
1.4422 1.407926
1.4263 1.372528
2.2921 2.386376
2.2659 1.954611
2.2180 2.267876
2.1632 2.247876
2.1251 2.190448
1.4205 1.445764
1.3483 1.384382
1.3473 1.362515
1.3369 1.340424
1.3340 1.371284
2.6608 2.231812
1.6917 1.541132
1.6672 1.669194
1.6363 1.656104
1.6287 1.683788
3.0185 3.028872
1.9969 1.938154
1.9032 1.937880
1.9021 1.921804
1.8740 1.892755
2.9520 2.773635
2.8775 2.701609
2.2180 2.334869
2.2137 2.326312
2.2030 2.406804
1.6599 1.649320
1.5133 1.110884
1.4544 1.381675
1.4148 1.423093
1.3896 1.405384
2.2152 2.354816
2.0976 1.702442
1.9859 1.899288
1.9630 1.768433
1.9394 1.772293
2.3560 2.319193
1.7618 1.162517
1.6529 1.721344
1.6042 1.647047
1.6001 1.636852
1.8399 2.022597
1.7946 1.895067
1.7668 1.179948
1.7638 1.785317
1.7320 1.509194
1.8148 1.894199
1.7359 1.793569
1.6456 1.631758
1.5921 1.564390
1.5795 1.505038
2.7720 2.680351
2.6245 2.577934
2.4121 2.457242
2.3893 2.357440
2.3444 2.285302
1.7958 1.703564
1.6661 1.522527
1.6261 1.781624
1.6073 1.537762
1.5649 1.728642
2.3513 2.586178
2.2888 1.665317
2.1917 1.518114
2.1430 2.376287
2.0817 2.346846
3.7234 3.189362
1.9153 1.753485
1.6004 1.226197
1.5605 1.611894
1.4964 1.530200
1.9792 1.877772
1.9634 1.593974
1.9592 1.712561
1.9531 1.879863
1.9399 1.994065
1.4977 1.544088
1.4097 1.391501
1.3828 1.400554
1.3758 1.420240
1.3631 1.326244
2.2800 2.224682
2.2181 2.207719
2.0476 1.991270
1.9677 1.868048
1.7595 1.670808
1.4804 1.155085
1.4786 1.232746
1.3757 1.231065
1.3603 1.042191
1.3594 1.219369
2.6026 2.663058
2.5542 2.494037
2.5445 2.658703
2.5125 2.553874
2.4988 2.506236
1.3157 1.231932
1.1479 1.039243
0.9988 0.925562
0.9946 0.953696
0.9357 0.703040
1.3317 1.135386
1.3103 1.311057
1.3051 1.501423
1.2664 1.390300
1.1917 0.968044
1.0037 0.831259
0.9613 0.867581
0.8807 0.836467
0.8412 0.867797
0.8235 0.675138
1.6101 1.561742
1.5426 1.590655
1.5151 1.447687
1.4395 1.456462
1.3202 1.395976
3.9744 3.927190
2.6136 2.552065
2.2029 2.076638
1.7992 1.703343
1.7677 1.744788
2.4874 2.326310
2.2582 2.109137
2.0979 1.989694
2.0779 1.961161
2.0577 2.006990
0.9776 0.842286
0.8823 0.701322
0.7683 0.631038
0.7580 0.587461
0.7326 0.614792
