0.7291 0.653857
0.6346 0.612156
0.6066 0.585150
1.2265 0.998698
1.0563 0.833100
0.9302 0.855438
0.8944 0.684873
0.8906 0.801216
1.8144 1.746109
1.1774 1.173196
1.1695 1.128880
1.1635 0.963990
1.1420 1.154187
2.2307 1.999536
1.8281 1.862577
1.6550 1.576818
1.6094 1.625107
1.5824 1.599606
2.9814 3.108169
1.3348 1.323030
1.2189 1.255595
1.1598 1.158892
1.0188 1.042567
1.6850 1.763761
1.5408 1.473299
1.5043 1.675792
1.4522 1.490182
1.4496 1.417014
1.3654 1.395924
1.0735 1.118384
1.0191 1.065107
0.9655 0.962295
0.9515 0.963784
1.7204 1.450562
1.6333 1.751015
1.6180 1.184745
1.6029 1.731097
1.5022 1.259584
1.1831 0.877772
1.1706 1.135514
1.1430 1.123806
1.1033 1.016682
1.0741 1.030828
1.5873 1.407050
1.3776 1.431439
1.3563 1.139609
1.3425 1.458504
1.3411 1.064582
1.1483 1.109853
1.0645 1.120678
1.0312 0.985816
1.0097 0.985995
1.0011 1.007922
1.7171 1.731830
1.6640 1.771785
1.4812 1.143312
1.4660 1.303589
1.4592 1.374495
1.4437 1.455688
1.3992 1.396268
1.2938 1.180087
1.2916 1.307583
1.2414 1.258473
2.3510 2.358960
2.1817 2.192213
2.0883 2.111073
2.0749 2.029936
2.0716 2.093951
1.2768 1.095410
1.1810 1.171393
1.0651 0.637302
1.0393 1.074666
1.0386 0.610281
1.3074 1.325787
1.2189 1.362450
1.1848 1.201704
1.1531 1.130154
1.1339 1.112308
2.2192 2.225300
1.3573 1.332589
1.3506 1.150888
1.3404 1.360737
1.3127 1.342636
1.6636 1.416702
1.3341 1.269231
1.2980 1.131122
1.2834 1.310852
1.2752 0.942584
1.0236 0.983186
0.9780 0.597556
0.9552 0.939258
0.9379 0.663808
0.8064 0.488112
1.3880 1.205307
0.9458 0.902101
0.9317 0.599840
0.9260 0.807276
0.9175 1.070280
1.7682 1.556900
1.2956 1.242895
1.2721 1.235484
1.2693 1.247319
1.2470 1.243963
1.3504 1.383493
1.2257 1.250516
1.2210 0.892552
1.2182 1.288406
1.1714 1.208825
1.3444 1.174563
1.2444 1.215223
1.2090 1.183042
1.1886 1.199065
1.1354 1.134599
1.5603 1.468776
1.5164 1.390693
1.4803 1.425137
1.4107 1.259298
1.2867 1.084632
1.3883 1.343719
1.2115 1.155852
1.1659 0.931986
1.1520 1.065236
1.1202 1.096619
1.7753 1.783241
1.5223 1.582537
1.4917 1.524764
1.4835 1.270194
1.3089 1.404362
1.3209 1.298925
1.2362 1.254566
1.0418 0.928717
0.9904 0.868649
0.9814 0.839594
1.1861 0.770627
1.1760 1.320615
1.1760 1.320615
1.1622 1.274151
1.1441 1.233410
1.5960 1.326229
1.4908 1.074624
1.4685 1.121745
1.4559 1.132640
1.4413 1.106445
2.0546 2.258018
1.5648 1.323789
1.4081 1.211865
1.4080 1.424332
1.3945 1.412692
1.4913 1.618082
1.4691 1.287295
1.4117 1.217181
1.3929 0.837274
1.3373 1.156050
1.2730 1.293106
1.1618 1.127469
1.1345 1.128854
1.1234 1.121291
1.1131 0.995221
1.7979 1.603101
1.7379 1.538932
1.4944 1.472009
1.4918 1.384979
1.4723 1.512710
1.3118 1.360036
1.3098 1.318374
1.2836 1.277505
1.2500 0.984155
1.2425 0.976807
1.5940 1.585524
1.3911 1.432776
1.3544 1.004750
1.2672 1.268538
1.2095 1.207233
0.7862 0.657601
0.7339 0.883745
0.7299 0.879261
0.7049 0.856623
0.7009 0.852139
1.1819 1.211778
0.9752 0.978217
0.9641 0.776410
0.9496 0.690125
0.8700 0.773475
1.0129 1.101339
0.9966 1.036652
0.9934 0.960634
0.9823 0.930210
0.9713 1.067992
1.4236 1.519031
1.2153 0.998746
1.2085 1.087736
1.2036 1.080266
1.2002 1.395055
1.5633 1.530156
1.2112 1.188692
1.1890 1.185937
1.1808 1.240960
1.1244 1.273011
2.6890 2.574299
1.5637 1.512502
1.5611 1.458506
1.4947 1.600948
1.4467 0.979489
2.6067 2.632117
1.4133 1.435342
1.3456 1.286640
1.2918 1.194120
1.2882 1.339177
2.0954 2.085266
1.5979 1.569157
1.5780 1.563339
1.4700 1.394807
1.4591 1.349783
1.0571 1.007965
0.9132 0.802390
0.8411 0.675704
0.8350 0.773368
0.7739 0.714717
0.9113 0.708733
0.8864 0.784346
0.8836 0.681888
0.8567 0.673633
0.8478 0.750821
2.8222 2.803404
1.5933 1.543758
1.4541 1.419155
1.3374 1.377410
1.2153 1.231680
1.6376 1.569179
1.4963 1.436137
1.4289 1.506294
1.3860 1.393536
1.3076 1.305683
0.9789 0.980927
0.9600 0.920997
0.9288 0.892602
0.8991 0.619241
0.8961 0.737005
1.6302 1.686389
1.6135 1.520574
1.5946 1.498435
1.5338 1.435727
1.5268 1.417274
1.7930 1.431850
1.6814 1.732018
1.5291 1.169480
1.4658 1.444995
1.3762 1.390031
1.7802 1.975430
1.7235 1.759602
1.6292 1.649436
1.4631 1.498765
1.4588 1.497623
1.1459 1.004930
1.1357 1.199161
1.1090 1.313486
1.0437 0.884813
1.0119 0.899043
1.4548 1.137097
1.3566 0.979513
1.3437 1.073269
1.3103 1.091012
1.2415 0.881418
1.3885 1.647914
1.2081 1.273706
1.0978 1.145350
1.0662 1.095385
1.0111 1.010156
1.3875 1.323546
1.3577 1.443949
1.3129 1.294386
1.2991 1.398789
1.2045 1.208105
1.1728 1.269975
1.1662 1.166631
1.0753 1.031689
1.0685 0.866661
1.0526 1.047061
1.5320 1.525322
1.4353 1.361707
1.3330 1.182046
1.3298 1.052655
1.2631 1.494994
1.9756 2.145877
1.5203 1.138597
1.4250 1.369792
1.4191 1.383477
1.4003 1.450100
2.2087 2.253345
1.8227 2.034806
1.8122 1.723919
1.7789 2.018104
1.6567 1.717988
1.8337 1.677401
1.6446 1.647865
1.5856 1.378196
1.5627 1.355483
1.5594 1.345066
1.6842 1.822440
1.6022 1.692908
1.5914 1.614907
1.5456 1.644784
1.5367 1.532474
1.5380 1.378000
1.2190 1.240108
1.1780 1.200644
1.1409 1.162074
1.1353 1.168944
1.3300 1.004194
1.3269 0.980851
1.2748 0.917852
1.2571 1.011573
1.2509 1.208039
0.9609 0.973205
0.9355 0.915637
0.9291 0.840984
0.8998 0.908340
0.8642 0.776432
1.3523 1.321173
1.2858 1.246776
1.2794 1.251044
1.2558 1.189473
1.2100 1.326669
1.0099 1.019335
0.9927 0.934541
0.9320 0.817063
0.9272 0.877391
0.9190 0.611771
1.5680 1.457801
1.4540 1.444798
1.4468 1.220246
1.4149 1.365299
1.3869 1.260481
0.9897 0.952236
0.9362 0.958971
0.9225 0.900247
0.8750 0.838926
0.8696 0.869053
1.4927 1.435014
1.4737 1.465462
1.3305 1.328995
1.3045 1.254658
1.2049 1.161360
2.2690 2.226074
1.3011 1.170605
1.2055 1.249441
1.1930 1.013258
1.1265 1.040278
2.1453 2.131887
1.9092 1.649654
1.5475 1.434457
1.4155 1.426494
1.3805 1.369959
2.7424 2.684598
1.2835 1.229927
1.2550 1.255233
1.2529 1.223211
1.2341 1.117866
1.5664 1.428578
1.4720 1.613161
1.3511 1.292226
1.3244 1.290160
1.2716 1.212380
1.6507 1.515812
1.5366 1.506722
1.4867 1.402180
1.3534 1.324832
1.3000 1.237838
2.1201 2.106268
1.8683 1.852310
1.8435 1.709219
1.8170 1.802446
1.7477 1.721931
2.8337 2.785343
2.4354 2.356717
1.6737 1.629963
1.5087 1.437228
1.4889 1.423470
1.6172 1.538594
1.4739 1.478008
1.4348 1.412243
1.3477 1.340477
1.3213 1.282003
1.5257 1.455593
1.0505 1.109320
1.0326 0.965768
1.0231 0.998932
1.0212 0.954364
1.8457 1.843050
1.8155 1.843803
1.5704 1.399220
1.5679 1.572414
1.5437 1.360503
4.1747 4.115060
2.2158 1.962142
2.1756 2.081168
1.8559 1.818468
1.7757 1.724231
1.8771 1.775806
1.7629 1.706131
1.6979 1.646143
1.6958 1.533754
1.6135 1.593654
1.0893 1.101304
0.9015 0.805953
0.8642 0.763472
0.8493 0.748613
0.8477 0.774386
1.4018 1.335816
1.3640 1.380422
1.2501 1.104294
1.2294 1.298866
1.2289 1.147174
0.7361 0.586243
0.6891 0.618722
0.6769 0.390059
0.6411 0.572503
0.6399 0.591132
1.2976 1.235320
1.2755 1.375050
1.1464 1.305340
1.0748 0.876201
1.0621 0.977629
1.3857 1.319821
1.2214 1.178829
1.0049 0.947417
1.0026 1.048134
0.9669 1.014021
1.6240 1.714760
1.5634 1.506393
1.5337 1.574383
1.5143 1.630754
1.4294 1.473774
1.5483 1.286741
1.1077 0.840024
0.9415 0.881234
0.9037 0.770677
0.8970 0.966578
1.2851 1.523147
1.1409 0.819495
0.9830 0.974770
0.9750 0.758612
0.9711 1.128934
1.4666 1.487638
1.4480 1.470509
1.0694 1.082758
1.0567 1.031581
1.0388 1.031107
2.8380 2.713123
2.1964 2.153965
1.9942 1.950666
1.9502 1.915730
1.8923 1.825961
1.4030 1.393328
1.2813 1.252689
1.2662 1.188161
1.2020 1.186314
1.2013 1.160565
1.5892 1.573506
1.4033 1.394091
1.3848 1.366171
1.3536 1.339035
1.3171 1.283813
1.1495 1.076731
1.1316 1.174471
1.1039 1.079918
1.0753 1.070716
1.0265 1.056698
1.8125 1.771936
1.7876 1.746762
1.6979 1.667144
1.6729 1.641970
1.4288 1.400539
1.1767 1.191312
1.0428 0.913078
1.0384 1.008493
1.0052 1.017888
0.9857 0.927723
4.6826 4.482686
1.6249 1.631270
1.5965 1.503842
1.5142 1.424340
1.4647 1.418330
2.6070 2.559969
1.2174 1.229148
1.1668 1.126458
1.1288 1.121802
1.0918 1.016559
1.5204 1.526815
1.4696 1.375756
1.3964 1.406706
1.3718 1.369912
1.3642 1.322566
1.2595 1.270908
1.2190 1.086945
1.1969 1.248701
1.0998 1.115699
1.0893 1.150746
1.5241 1.321447
1.4955 1.432674
1.4502 1.419821
1.4381 1.418067
1.3781 1.114186
1.2981 1.283660
1.2242 1.073309
1.1651 1.054171
1.1462 1.048931
1.1082 1.035696
2.1210 1.926575
2.0876 2.148405
2.0552 2.020915
1.9507 1.915682
1.8231 1.843709
1.0887 1.064751
1.0441 1.037026
1.0375 0.943972
1.0250 1.062814
0.9954 1.026311
1.6731 1.666188
1.6661 1.574637
1.5654 1.493329
1.5537 1.536326
1.5355 1.520536
1.2367 1.175755
1.1264 1.078290
1.0698 1.060852
1.0534 1.073131
0.9687 0.951683
1.8976 1.896982
1.8105 1.779867
1.7397 1.730116
1.7291 1.766357
1.7245 1.759020
3.1555 3.254318
2.0450 2.075559
1.4057 1.365865
1.3673 1.276926
1.3474 1.309276
1.7908 1.721589
1.7868 1.603343
1.7343 1.634784
1.6346 1.480860
1.5592 1.673978
1.7260 1.698064
1.6006 1.573055
1.5680 1.551819
1.4960 1.458040
1.4736 1.485491
1.4858 1.500066
1.3943 1.442671
1.3752 1.317751
1.3744 1.310434
1.3577 1.256446
2.4262 2.392581
1.4105 1.355594
1.3149 1.273562
1.2419 1.087320
1.2083 1.172879
2.1370 2.037482
1.6517 1.575702
1.5620 1.499545
1.3699 1.376205
1.3007 1.231753
0.8108 0.731049
0.7783 0.760864
0.7759 0.727894
0.7449 0.686339
0.6967 0.704049
1.3507 1.465898
1.3454 1.500531
1.2983 1.070525
1.2785 1.529815
1.2080 1.175736
0.9337 0.973812
0.9164 0.888518
0.8960 0.840943
0.8959 0.791281
0.8000 0.799941
4.8099 4.643252
1.5229 1.459866
1.3886 1.407244
1.3512 1.350600
1.2717 1.223690
2.1823 2.189082
1.8427 1.778716
1.8343 1.762919
1.6982 1.709733
1.5364 1.499511
2.7602 2.629938
1.9502 1.904199
1.9438 1.892522
1.9367 1.947508
1.9144 1.891490
1.0749 1.090118
1.0367 0.888784
1.0235 1.007460
0.9946 1.013472
0.9942 1.008706
1.7587 1.548660
1.7453 1.613276
1.7074 1.647515
1.6383 1.674369
1.5781 1.652945
1.1550 1.060581
1.1135 1.143328
1.0990 1.066650
1.0677 1.033795
1.0487 1.066534
1.5482 1.407045
1.5192 1.369888
1.4891 1.475538
1.4674 1.333076
1.4551 1.432616
1.2924 1.269797
1.2916 1.258551
1.2893 1.334979
1.1488 1.198047
1.1433 1.132731
1.8516 1.831957
1.7764 1.703815
1.7422 1.789618
1.7215 1.689901
1.6754 1.376292
2.1419 2.117818
1.5193 1.500438
1.5040 1.456191
1.4964 1.461417
1.4555 1.393366
2.1331 1.974393
1.9107 1.799797
1.8929 1.800114
1.7236 1.580219
1.6288 1.634312
1.3063 1.310997
1.2417 1.229877
1.1916 1.132296
1.1761 1.197076
1.1627 1.153507
1.9145 1.915909
1.5213 1.519128
1.2992 1.339426
1.2873 1.271120
1.2836 1.267005
1.4489 1.435310
1.3797 1.251580
1.3602 1.270609
1.3581 1.381677
1.3017 1.103119
1.9134 1.893257
1.8117 1.750050
1.7305 1.673779
1.6946 1.669377
1.6179 1.591783
1.6070 1.566587
1.4898 1.453390
1.4242 1.384098
1.3070 1.270902
1.3032 1.225753
1.5835 1.609113
1.5519 1.495487
1.4758 1.419184
1.4503 1.381299
1.4483 1.428193
1.2669 1.217870
1.1563 1.138661
1.0484 1.029209
0.9993 0.964722
0.9282 0.872366
1.9457 1.945093
1.6677 1.538663
1.4475 1.345392
1.3917 1.366452
1.3856 1.304383
1.4469 1.349231
1.4022 1.399938
1.2967 1.296671
1.2887 1.316255
1.2675 1.293758
1.4514 1.326823
1.3805 1.377312
1.3462 1.320183
1.3205 1.337088
1.3174 1.237854
3.1913 3.182827
1.5410 1.507144
1.4182 1.385232
1.4085 1.400386
1.3928 1.353656
2.0004 2.062006
1.9505 2.043931
1.8288 1.877380
1.7477 1.629968
1.7460 1.642791
0.9598 0.961463
0.8911 0.899945
0.8214 0.840744
0.8050 0.830958
0.7983 0.826264
1.2727 1.305799
1.2477 1.258080
1.2328 1.252557
1.1654 1.179838
1.1610 1.162702
1.7772 1.650715
1.4264 1.425924
1.3916 1.423094
1.3791 1.331506
1.3619 1.394987
2.6631 2.573183
1.6060 1.579445
1.4640 1.410201
1.3876 1.321461
1.3602 1.251970
1.9034 1.887549
1.7790 1.782048
1.7515 1.769159
1.7067 1.673292
1.5525 1.586405
2.1974 2.212076
2.0258 1.991781
1.9347 1.913106
1.8783 1.859928
1.8548 1.896930
2.4807 2.394505
2.2393 2.179446
2.1687 2.121320
2.0713 2.000396
2.0419 1.972210
1.9675 2.015303
1.8396 1.801610
1.8121 1.733988
1.7931 1.774303
1.7415 1.695158
1.0619 1.071822
1.0561 1.066598
0.9940 1.001593
0.8850 0.914829
0.8824 0.799927
2.0931 2.106375
2.0812 2.097782
1.9828 1.997160
1.9781 1.945446
1.9754 1.993040
1.3321 1.242910
1.1138 1.086182
1.0697 1.116990
1.0667 1.014971
1.0621 1.006257
2.0576 2.033394
2.0416 1.929565
2.0242 2.050235
2.0220 2.102651
2.0200 1.995434
1.3642 1.398700
1.3258 1.399891
1.2876 1.196782
1.2777 1.301259
1.2436 1.214353
1.9724 1.773138
1.5686 1.792824
1.4598 1.427977
1.4325 1.452239
1.3889 1.415885
1.3164 1.282304
1.2460 1.217276
1.1189 0.978065
1.0871 1.078555
1.0780 1.076845
1.5366 1.467175
1.5158 1.550063
1.4239 1.458859
1.3959 1.427742
1.3745 1.405809
1.4489 1.460110
1.3534 1.361193
1.2487 1.251085
1.1937 1.125955
1.1615 1.197417
5.8148 5.698769
2.0299 2.015462
2.0211 2.060936
1.9795 2.033709
1.9234 1.870265
1.0946 1.041081
1.0609 1.052819
1.0316 1.049098
0.9984 0.972798
0.9933 0.945107
3.7003 3.684002
1.4722 1.509086
1.4504 1.474824
1.4351 1.480583
1.4345 1.410958
1.0990 1.045077
1.0637 0.976066
1.0273 1.097242
1.0211 1.007338
0.9906 0.863033
1.6020 1.516642
1.4699 1.250693
1.4078 0.957915
1.2946 1.732079
1.2889 0.902507
1.0007 0.989668
0.9343 0.925684
0.9223 0.925900
0.9061 0.864494
0.8274 0.856298
1.4399 1.451369
1.3872 1.215923
1.3237 1.354872
1.3134 1.313948
1.2958 1.229489
0.9680 0.997252
0.9554 1.009936
0.9046 0.920599
0.8795 0.865181
0.8774 0.864843
2.3534 2.313158
2.0468 2.006118
1.7402 1.778648
1.7317 1.817808
1.6508 1.622387
1.0803 1.033193
0.8591 0.834623
0.8557 0.889343
0.8268 0.876797
0.8183 0.822366
1.8522 1.859252
1.8147 1.727152
1.7371 1.762221
1.6824 1.693013
1.6283 1.645910
1.2610 1.268376
1.2148 1.222065
1.1812 1.162157
1.1553 1.150871
1.1418 1.152243
2.0580 2.025288
1.6915 1.698854
1.6751 1.510408
1.6242 1.603211
1.5726 1.291160
1.6289 1.559726
1.6157 1.543300
1.5303 1.510745
1.4276 1.250467
1.3206 1.229043
1.8727 1.730302
1.7720 1.623237
1.7677 1.653208
1.6625 1.602638
1.6534 1.602615
0.8402 0.752172
0.8293 0.843986
0.8093 0.756710
0.7931 0.494943
0.7886 0.828886
1.6457 1.620087
1.5680 1.497259
1.3332 1.242163
1.3216 1.225430
1.3080 1.332546
1.1533 1.163231
1.1268 0.848398
1.0591 1.073681
1.0289 0.995953
1.0062 1.009675
3.3584 3.264410
1.7114 1.631460
1.6931 1.688265
1.6477 1.590931
1.6466 1.610378
1.3959 1.354885
1.2259 1.205096
1.1772 1.182690
1.0825 1.051773
1.0022 0.963441
1.7788 1.716920
1.7243 1.614990
1.5952 1.484723
1.4676 1.407327
1.4616 1.360486
1.4561 1.406857
1.3596 1.369786
1.3241 1.319752
1.1697 1.131589
1.1196 1.079322
2.0258 2.021511
1.9857 2.001896
1.9756 1.949835
1.8324 1.734768
1.8179 1.799176
1.2691 1.167101
1.0962 1.100579
1.0942 1.102761
1.0909 1.108202
1.0803 1.100785
1.5128 1.440004
1.4752 1.490891
1.4573 1.473605
1.4387 1.440011
1.4337 1.400927
0.9329 0.950727
0.9086 0.936175
0.8805 0.884618
0.8518 0.826505
0.8213 0.813913
1.1943 1.216915
1.1601 1.099251
1.1404 1.187746
1.1175 1.011333
1.0728 1.063252
1.6007 1.587662
1.3352 1.299616
1.2960 1.262504
1.2850 1.247972
1.2674 1.272211
1.7500 1.670543
1.7231 1.658491
1.7066 1.657965
1.6783 1.629126
1.5413 1.429269
1.2934 1.324821
1.2796 1.295096
1.2703 1.187912
1.2445 1.310642
1.2305 1.199555
1.8779 1.933698
1.7905 1.658432
1.7840 1.654358
1.7774 1.842226
1.7577 1.629938
1.5192 1.462938
1.2950 1.247409
1.2330 1.124399
1.2026 1.151548
1.1955 1.168303
1.9162 1.952136
1.5047 1.477455
1.4705 1.450762
1.4217 1.440031
1.3524 1.325901
1.3537 1.358161
1.2735 1.151950
1.2659 1.263143
1.2360 1.280613
1.2200 1.159105
1.9519 1.955407
1.7101 1.588182
1.6250 1.503614
1.5753 1.486326
1.5568 1.481052
1.0429 1.016429
1.0074 0.955938
0.9104 0.929199
0.8215 0.836152
0.8058 0.784438
1.3028 1.279894
1.2875 1.290098
1.2483 1.246978
1.2410 1.274830
1.2341 1.264552
1.5512 1.556862
1.5366 1.242307
1.4690 1.356954
1.4215 1.018819
1.3833 0.970704
6.0519 5.139119
2.2715 1.931871
2.1183 1.787170
2.0679 1.925227
2.0365 1.906630
0.8015 0.786744
0.8006 0.809115
0.7890 0.746816
0.7598 0.723962
0.7376 0.720356
2.0068 1.956087
1.0956 1.110207
1.0712 1.092347
1.0673 1.072685
1.0635 1.065135
