2.2246 2.2192
1.3689 1.3404
1.3512 1.3127
1.3390 1.3573
1.2773 1.2617
1.4303 1.1852
1.3837 1.6636
1.3734 1.2834
1.3135 1.2466
1.3027 1.2401
1.0402 1.0236
0.9709 0.9552
0.7379 0.7214
0.7138 0.7617
0.7115 0.6879
1.2311 1.3880
1.0788 0.9175
1.0672 0.9458
0.9839 0.8866
0.8817 0.9087
1.5464 1.7682
1.2720 1.2956
1.2549 1.2693
1.2506 1.2470
1.2429 1.2721
1.4217 1.3504
1.4044 1.2257
1.3732 1.2182
1.2601 1.1435
1.2491 1.1426
1.2442 1.2444
1.2420 1.1886
1.1822 1.3444
1.1511 1.1354
1.1474 1.1196
1.4792 1.4803
1.4269 1.5603
1.3788 1.5164
1.3606 1.2692
1.3520 1.4107
1.3488 1.3883
1.1817 1.2115
1.1318 1.0549
1.1224 1.1202
1.0758 1.1520
1.5422 1.5223
1.5122 1.3089
1.4350 1.2995
1.3385 1.2012
1.3001 1.1800
1.2121 1.3209
1.1942 1.2362
0.9947 0.9814
0.9696 1.0418
0.9694 0.9904
1.3490 1.0731
1.3302 1.1622
1.3140 1.1441
1.2767 0.9701
1.2691 0.9697
1.7171 1.2756
1.5060 1.2800
1.4983 1.3413
1.4889 1.1957
1.4360 0.8676
2.2657 2.0546
1.5133 1.3945
1.4310 1.4080
1.4248 1.1142
1.3418 1.3280
1.7239 1.2435
1.6517 1.4913
1.5895 1.2181
1.4666 0.9205
1.4312 1.1543
1.2999 1.2730
1.1657 1.1044
1.1384 1.1618
1.1242 1.0643
1.0974 1.1345
1.5728 1.4944
1.5436 1.7979
1.4920 1.4918
1.4849 1.7379
1.4703 1.4723
1.3349 1.3118
1.3237 1.3098
1.2816 1.2836
1.2187 1.1988
1.1583 1.1509
1.7500 1.5940
1.6330 1.3911
1.3091 1.2672
1.2635 1.2095
1.1716 0.9529
0.6473 0.6298
0.6392 0.6241
0.6036 0.6166
0.5957 0.5033
0.5721 0.5763
1.2455 1.1819
0.9124 0.9752
0.8967 0.8434
0.8709 0.8060
0.8567 0.8700
1.0962 0.9713
1.0762 1.0129
1.0463 0.9966
0.9668 0.9934
0.9520 0.9415
1.5468 1.4236
1.5229 1.2002
1.3982 1.1040
1.3887 1.0547
1.3251 1.1911
1.5493 1.5633
1.2887 1.1244
1.2747 1.1123
1.2520 1.0306
1.2378 1.1808
2.3827 2.6890
1.6257 1.4947
1.5499 1.5611
1.5496 1.1669
1.5033 1.3033
2.5887 2.6067
1.4289 1.4133
1.3377 1.2882
1.2662 1.2177
1.2555 1.3456
2.2122 2.0954
1.5462 1.5780
1.4959 1.5979
1.3859 1.4700
1.3233 1.1002
1.0155 1.0571
0.8150 0.9132
0.7891 0.8350
0.7845 0.7510
0.7260 0.7739
0.8863 0.8004
0.8607 0.8200
0.8389 0.7378
0.8280 0.9113
0.7916 0.7578
2.8064 2.8222
1.5577 1.5933
1.4469 1.4541
1.3495 1.3374
1.2213 1.2153
1.6462 1.6376
1.4555 1.4289
1.4344 1.4963
1.3339 1.3860
1.3306 1.2703
1.0213 0.9789
0.9753 0.9600
0.9296 0.9288
0.8933 0.8924
0.8618 0.8445
1.6760 1.6302
1.5953 1.5946
1.5934 1.6135
1.4844 1.5338
1.4842 1.4196
1.7940 1.6814
1.4580 1.4658
1.4437 1.7930
1.3975 1.3762
1.3606 1.3624
2.0235 1.7802
1.7933 1.3697
1.6553 1.7235
1.6122 1.4584
1.6055 1.1911
1.1372 1.1459
1.0411 1.1357
1.0162 1.1090
1.0112 1.0119
0.9966 0.9055
1.5968 1.4548
1.4342 1.3103
1.4013 1.3566
1.3403 1.3437
1.2868 1.1946
1.3978 1.3885
1.2591 1.2081
1.0946 1.0662
1.0290 1.0111
1.0095 0.9480
1.4582 1.3875
1.3716 1.3129
1.3398 1.1949
1.3266 1.3577
1.3244 1.2991
1.1621 1.1662
1.1535 1.1728
1.0639 1.0526
1.0555 1.0022
1.0553 1.0753
1.6491 1.5320
1.3555 1.4353
1.3535 1.2631
1.3159 1.2584
1.2869 1.3330
2.0630 1.9756
1.6203 1.3625
1.5673 1.2126
1.5237 1.1701
1.4548 1.4250
2.1222 2.2087
2.0952 1.8227
2.0080 1.7789
1.8882 1.8122
1.7851 1.4779
1.8362 1.8337
1.6295 1.6446
1.5664 1.5856
1.5158 1.4288
1.5089 1.4648
1.8204 1.6842
1.6964 1.5914
1.5391 1.6022
1.5211 1.2745
1.4895 1.5456
1.3604 1.5380
1.2487 1.2190
1.2096 1.1780
1.1750 1.1353
1.1708 1.1409
1.2436 1.2509
1.2058 0.9842
1.1695 0.9934
1.1530 1.0153
1.1320 1.0676
0.9909 0.9609
0.9545 0.9355
0.9433 0.8998
0.8714 0.8642
0.8607 0.8628
1.4649 1.2794
1.3399 1.1803
1.3176 1.3523
1.2726 1.2100
1.2483 1.2858
1.0059 0.9014
0.9659 0.8810
0.9486 0.9272
0.9287 0.8792
0.9141 0.8527
1.5563 1.4540
1.4173 1.4468
1.3555 1.2130
1.3437 1.3869
1.3240 1.1415
0.9885 0.9897
0.9401 0.8535
0.9305 0.9362
0.9147 0.8750
0.8939 0.8605
1.4188 1.4927
1.3790 1.4737
1.3581 1.3305
1.3030 1.3045
1.2120 1.1482
2.2421 2.2690
1.2806 1.3011
1.1668 1.2055
1.1606 1.1262
1.1307 1.0967
2.2282 2.1453
1.7697 1.9092
1.5504 1.2739
1.5278 1.2930
1.4905 1.4155
2.6534 2.7424
1.2548 1.2550
1.2416 1.2835
1.2109 1.2529
1.1881 1.2341
1.5422 1.5664
1.4011 1.3511
1.3716 1.4720
1.2142 1.3244
1.1621 1.2716
1.5336 1.6507
1.4911 1.5366
1.3043 1.3534
1.2932 1.4867
1.2491 1.3000
2.1754 2.1201
1.8743 1.8683
1.8512 1.8170
1.7493 1.7477
1.7166 1.6662
2.8056 2.8337
2.3761 2.4354
1.6406 1.6737
1.4500 1.4889
1.4489 1.5087
1.5864 1.6172
1.5421 1.3477
1.5075 1.4739
1.4622 1.4348
1.4138 1.1702
1.5340 1.5257
0.9966 1.0116
0.9782 0.9970
0.9724 1.0231
0.9702 0.9642
1.8505 1.8457
1.8413 1.8155
1.5826 1.5679
1.5668 1.5385
1.4142 1.5704
4.1695 4.1747
2.0862 2.1756
1.8464 2.2158
1.7864 1.7757
1.7733 1.8559
1.8612 1.8771
1.7844 1.5323
1.7593 1.7629
1.7305 1.6979
1.6932 1.3982
1.1442 1.0893
0.8880 0.8642
0.8477 0.8493
0.8411 0.9015
0.8373 0.8229
1.4508 1.3640
1.2766 1.4018
1.2549 1.1864
1.2362 1.0234
1.1938 1.0425
0.7053 0.6891
0.6898 0.7361
0.6604 0.6399
0.6550 0.6411
0.6456 0.6376
1.2849 1.2755
1.2466 1.2976
1.1630 1.1464
1.0371 0.9969
1.0355 1.0333
1.3335 1.3857
1.1977 1.2214
1.0604 1.0026
1.0266 0.9669
0.9826 0.9641
1.7054 1.6240
1.6290 1.5143
1.5667 1.4294
1.5337 1.5337
1.4658 1.3612
1.3000 1.5483
1.0570 0.7481
1.0487 0.8064
0.9667 0.8970
0.8933 0.7577
1.5743 1.2851
1.1154 0.8401
1.1135 0.8339
1.0980 0.8751
1.0642 0.7179
1.4286 1.4666
1.4116 1.4480
1.0619 1.0694
1.0100 0.8264
1.0081 1.0567
2.7007 2.8380
2.1994 2.1964
1.9615 1.9942
1.9613 1.9502
1.9046 1.8804
1.4385 1.4030
1.2795 1.2813
1.2047 1.2662
1.2026 1.2020
1.1667 1.2013
1.4589 1.4033
1.4432 1.5892
1.4221 1.3848
1.2871 1.2622
1.2426 1.3171
1.1238 1.0753
1.1188 1.1495
1.0782 1.0265
1.0670 1.1039
1.0643 1.1316
1.7847 1.8125
1.6820 1.7876
1.6524 1.6979
1.5965 1.4288
1.5498 1.6729
1.2007 1.1767
1.0241 1.0052
1.0173 1.0384
1.0012 0.9254
0.9370 0.9857
4.4332 4.6826
1.6468 1.6249
1.5574 1.5965
1.4828 1.2986
1.4700 1.4127
2.6073 2.6070
1.1876 1.2174
1.1374 1.1288
1.0940 1.0683
1.0892 1.1668
1.4899 1.4696
1.4701 None
1.4653 1.5204
1.4330 None
1.4031 1.3718
1.2759 1.2595
1.2031 1.1969
1.0840 1.0866
1.0754 1.0998
1.0111 1.2190
1.5380 1.4955
1.4660 1.4502
1.4410 1.3098
1.4077 1.2788
1.3899 1.4381
1.3153 1.2981
1.2013 1.1651
1.1293 1.0161
1.1208 1.2242
1.1015 1.1462
2.0841 2.0876
1.9308 1.8231
1.9291 2.0552
1.8456 1.9507
1.7976 1.6572
1.0455 1.0250
1.0298 1.0887
1.0135 1.0441
0.9963 1.0375
0.9706 0.9208
1.7243 1.5355
1.6158 1.5537
1.5800 1.6661
1.5444 1.5059
1.5417 1.6731
1.1401 1.2367
1.0429 1.1264
1.0048 0.9679
0.9949 1.0534
0.9831 0.9601
2.0347 1.8976
1.9500 1.7245
1.9040 1.7291
1.8069 1.5889
1.8054 1.5783
2.9479 3.1555
1.9710 2.0450
1.4017 1.4057
1.3785 1.2784
1.3607 1.3673
1.7427 1.7868
1.6842 1.7908
1.6801 1.5592
1.6535 1.7343
1.5535 1.4870
0.6580 0.7291
0.6551 0.6519
0.6462 0.6505
0.6149 0.6346
0.6111 0.6040
1.7111 1.7260
1.5955 1.6006
1.5527 1.5680
1.5226 1.4736
1.5098 1.4960
1.5496 1.4858
1.4546 1.2158
1.4278 1.3943
1.3865 1.3752
1.3840 1.3493
1.1208 1.2265
1.0134 1.0563
0.9158 0.9302
0.8971 0.8944
0.8589 0.8503
2.3974 2.4262
1.3037 1.4105
1.2392 1.3149
1.1551 1.1623
1.1212 1.2083
1.8850 2.1370
1.3970 1.3699
1.3006 1.6517
1.2669 1.2369
1.2168 1.5620
0.7621 0.7783
0.7568 0.7759
0.7195 0.6967
0.6910 0.6550
0.6839 0.6422
1.5003 1.3454
1.4783 1.3507
1.2604 1.2983
1.2109 1.1976
1.1580 1.1769
0.9290 0.9164
0.8742 0.9337
0.8441 0.8959
0.8173 0.8960
0.7860 0.6998
4.4834 4.8099
1.4796 1.5229
1.4163 1.3886
1.2879 1.1341
1.2513 1.2036
2.2486 2.1823
1.7828 1.8427
1.7606 1.8343
1.7273 1.6982
1.5234 1.5364
2.5752 2.7602
1.8912 1.9367
1.8873 1.9438
1.8811 1.9502
1.7585 1.9144
1.1685 0.9946
0.9774 0.9732
0.9698 0.8464
0.9650 0.9338
0.9626 0.9280
1.8207 1.6383
1.8151 1.5781
1.7496 1.5104
1.6383 1.7074
1.5613 1.5240
1.1717 1.1135
1.0931 1.0990
1.0754 1.1550
1.0717 1.0487
1.0115 0.9252
1.4809 1.4551
1.4681 1.4674
1.4316 1.4891
1.4131 1.1352
1.3732 1.3691
1.3672 1.2893
1.3216 1.2924
1.3054 1.2916
1.2197 1.1488
1.1538 1.1433
2.0388 1.8516
1.7885 1.7422
1.7421 1.7215
1.5339 1.4662
1.5284 1.4156
2.0287 2.1419
1.4868 1.5193
1.4473 1.4964
1.4436 1.5040
1.3963 1.4450
1.9129 2.1331
1.8887 1.9107
1.8882 1.8929
1.8424 1.7236
1.6644 1.6199
1.3303 1.3063
1.2671 1.2417
1.2008 1.1761
1.1330 1.1627
1.1031 1.0748
1.7043 1.9145
1.4505 1.5213
1.4203 1.2992
1.3546 1.2648
1.2858 1.1360
1.4152 1.3581
1.4024 1.4489
1.3292 1.3602
1.3175 1.2371
1.3098 1.3797
1.7688 1.9134
1.7179 1.8117
1.5792 1.4332
1.5659 1.5587
1.5221 1.6946
1.6141 1.4898
1.5599 1.6070
1.4313 1.3070
1.3771 1.4242
1.1944 1.3032
1.6144 1.5835
1.5586 1.4483
1.5010 1.3817
1.4079 1.4164
1.3888 1.5519
1.3935 1.2669
1.1097 1.1563
0.9958 0.9052
0.9492 1.0484
0.8870 0.8229
1.7697 1.9457
1.6241 1.3253
1.5446 1.6677
1.4060 1.3493
1.3843 1.3917
1.4775 1.4022
1.3598 1.2675
1.3292 1.4469
1.2653 1.2456
1.2634 1.2967
1.3908 1.2957
1.3612 1.1153
1.3595 1.4514
1.3375 1.1146
1.3257 1.2601
3.1405 3.1913
1.5189 1.5410
1.3856 1.4085
1.3742 1.3928
1.3630 1.4182
1.9295 2.0004
1.8474 1.9505
1.7048 1.8288
1.6751 1.7477
1.6613 1.6225
0.9646 0.9598
0.9031 0.8911
0.8437 0.8214
0.8279 0.7983
0.8201 0.7941
1.2492 1.2727
1.2187 1.2328
1.1943 1.1654
1.1608 1.2477
1.1272 1.1098
1.6586 1.7772
1.4517 1.3791
1.4172 1.4264
1.3802 1.3619
1.3785 1.2787
2.5592 2.6631
1.7086 1.6060
1.3982 1.1800
1.3607 1.4640
1.2664 1.3602
1.8385 1.9034
1.8028 1.7790
1.7850 1.7515
1.6016 1.5525
1.6013 1.7067
2.3533 2.1974
1.9694 1.7710
1.8767 1.7796
1.8478 1.6679
1.7830 1.6225
2.3269 2.4807
2.0968 2.1687
2.0822 2.0713
2.0807 2.2393
2.0541 2.0419
2.1875 1.9675
1.8870 1.6690
1.8644 1.8396
1.7307 1.8121
1.7076 1.5837
1.0677 1.0619
1.0625 1.0561
0.9494 0.9940
0.8844 0.8850
0.8834 0.8464
2.2034 2.0931
2.1946 2.0812
2.1192 1.9828
2.1104 1.9754
1.9895 1.9090
1.2172 1.3321
1.0916 1.1138
1.0639 1.0085
1.0387 1.0697
1.0366 1.0667
2.1117 2.0220
2.0768 1.9163
2.0670 1.9277
2.0227 2.0242
2.0144 1.8312
1.3957 1.3258
1.2873 1.3642
1.2848 1.2151
1.2793 1.2777
1.2244 1.2876
1.8019 1.9724
1.5271 1.3524
1.5256 1.5686
1.4558 1.3604
1.4341 1.3889
1.3345 1.3164
1.2365 1.2460
1.1056 1.0871
1.0808 1.0780
1.0419 1.0462
1.4590 1.2993
1.3719 1.5158
1.3563 1.4239
1.3208 1.1471
1.3079 1.3959
1.4561 1.4489
1.3548 1.3534
1.3087 1.2487
1.1583 1.1343
1.1470 1.1480
5.4484 5.8148
2.1283 1.9795
2.0746 1.9101
1.9721 2.0299
1.8975 1.7158
1.1109 1.0946
1.0648 1.0316
1.0528 1.0609
1.0040 0.9924
0.9861 0.9984
3.6262 3.7003
1.4417 1.4275
1.4375 1.4504
1.4187 1.4249
1.4166 1.4345
1.1150 1.0990
1.0302 0.9476
0.9980 0.9906
0.9949 0.9025
0.9765 0.9496
1.4031 1.6020
1.3993 1.4699
1.2650 1.1599
1.2628 1.2889
1.2423 1.1356
1.0317 0.9343
1.0008 1.0007
0.9100 0.9061
0.8880 0.9223
0.8673 0.8274
1.4337 1.2591
1.4201 1.3237
1.4043 1.3134
1.4034 1.3872
1.3829 1.2499
1.0557 0.9554
0.9625 0.9680
0.9193 0.8499
0.9183 0.9046
0.9171 0.7576
2.2715 2.3534
1.9864 2.0468
1.6260 1.7402
1.5536 1.7317
1.5183 1.4920
1.0396 1.0803
0.8732 0.8183
0.8341 0.8557
0.8167 0.8591
0.8157 0.7057
1.7519 1.7371
1.7519 1.8522
1.6601 1.6824
1.6567 1.4777
1.5790 1.5899
1.2545 1.2148
1.2523 1.2610
1.1912 1.1553
1.1283 1.1812
1.1259 1.0946
1.8607 2.0580
1.6641 1.6751
1.5323 1.4153
1.5034 1.3195
1.4970 1.3714
1.6523 1.6157
1.5594 1.5303
1.4953 1.6289
1.3636 1.2732
1.3095 1.3206
1.7747 1.6534
1.7565 1.6625
1.6597 1.5684
1.5881 1.5544
1.4987 1.8727
0.8450 0.7886
0.7887 0.8293
0.7758 0.7805
0.7274 0.7052
0.7248 0.8402
1.6520 1.6457
1.4634 1.5680
1.4157 1.3080
1.3750 1.3020
1.2553 1.2461
1.1702 1.1533
1.0359 1.0062
1.0152 0.9816
1.0080 1.0591
1.0077 0.9505
3.3720 3.3584
1.7152 1.6477
1.6401 1.6931
1.5464 1.7114
1.5395 1.5826
1.3522 1.3959
1.1365 1.2259
1.1317 1.0825
1.0464 1.0012
1.0110 1.0022
1.8799 1.7788
1.6724 1.7243
1.6462 1.4676
1.5599 1.5952
1.5350 1.4616
1.4878 1.4561
1.3278 1.3241
1.3019 1.3596
1.1790 1.1697
1.1592 1.0699
1.8750 1.8179
1.8032 1.9756
1.8026 1.9857
1.7701 2.0258
1.6680 1.8324
1.2659 1.0962
1.1518 1.2691
1.0812 1.0909
1.0392 1.0942
0.9970 1.0803
1.4247 1.4294
1.3790 1.3184
1.3722 1.4573
1.3673 1.4752
1.3579 1.2654
0.9257 0.9329
0.9030 0.9086
0.8577 0.8213
0.8449 0.8805
0.8410 0.7899
1.1299 0.9693
1.1016 0.8747
1.0653 1.1943
1.0581 0.9040
1.0156 1.1601
1.6424 1.6007
1.3086 1.3352
1.3059 1.2674
1.2717 1.2960
1.2342 1.1889
1.6296 1.6783
1.6254 1.7066
1.5494 1.5413
1.5487 1.7231
1.5477 1.5190
1.4067 1.2934
1.3105 None
1.2642 1.0831
1.2617 1.2149
1.2550 1.2445
2.2305 1.8779
1.9102 1.7905
1.8776 1.6020
1.8623 1.7577
1.7464 1.7840
1.5293 1.5192
1.2055 1.2950
1.2019 1.1495
1.1703 1.1955
1.1403 1.2330
1.9523 1.9162
1.5547 1.5047
1.5489 1.4705
1.5464 1.4217
1.4376 1.3316
1.3260 1.3537
1.2898 1.2659
1.2644 1.2360
1.2205 1.2142
1.2156 1.1941
2.0457 1.9519
1.6621 1.7101
1.5345 1.5104
1.4958 1.4441
1.4685 1.6250
1.0200 1.0429
0.9601 1.0074
0.9325 0.9104
0.8397 0.8215
0.8139 0.7844
1.3238 1.2875
1.2890 1.3028
1.2719 1.2077
1.2488 1.2410
1.2332 1.2483
1.5076 1.5512
1.3818 1.4690
1.2423 1.5366
1.2159 1.2338
1.2134 1.1314
4.8244 6.0519
1.9730 2.2715
1.9259 1.9035
1.9179 2.0679
1.8599 1.7462
1.7649 1.8144
1.1862 1.1774
1.1749 1.1420
1.1560 1.1330
1.1535 1.1695
1.8437 1.8281
1.8404 2.2307
1.7049 1.6550
1.6847 1.6094
1.5173 1.3939
0.8117 0.8006
0.7895 0.8015
0.7504 0.7890
0.7376 0.7292
0.7363 0.7252
1.9540 2.0068
1.1473 1.0673
1.1454 1.0635
1.0729 1.0415
1.0080 1.0956
3.1214 2.9814
1.3282 1.3348
1.2352 1.2189
1.1643 1.1598
1.1303 0.9585
1.6446 1.5043
1.5621 1.6850
1.5063 1.3259
1.5027 1.4088
1.5011 1.5408
1.4034 1.3654
1.1282 1.0735
1.0728 1.0191
1.0035 0.9434
0.9708 0.9515
1.6918 1.6333
1.6602 1.6029
1.5187 1.3689
1.4837 1.3709
1.4604 1.7204
1.1685 1.1430
1.1484 1.1706
1.1156 1.0689
1.0426 1.0741
1.0354 1.1033
1.3666 1.3169
1.3434 1.2947
1.3432 1.1354
1.3359 1.2410
1.3293 1.3776
1.1406 1.1483
1.1029 1.0645
1.0443 1.0011
1.0321 1.0097
1.0253 1.0312
1.7184 1.7171
1.6423 1.6640
1.4557 1.4431
1.4238 1.3084
1.3969 1.4660
1.4365 1.4437
1.4028 1.3992
1.3114 1.2414
1.2612 1.2916
1.1856 1.2938
2.2546 2.3510
2.0757 2.1817
2.0297 2.0167
1.9430 2.0883
1.9361 2.0716
1.1667 1.1810
1.0807 1.2768
1.0711 1.0393
1.0690 1.0320
1.0341 0.9740
1.3864 1.1848
1.2972 1.2189
1.2093 1.3074
1.1969 0.9197
1.1942 0.9898
