0.000000	0.000000
0.000000	1.000000
0.000000	2.000000
0.000000	3.000000
0.000000	4.000000
0.000000	5.000000
0.000000	6.000000
0.000000	7.000000
0.000000	8.000000
0.000000	9.000000
0.000000	10.000000
0.000000	11.000000
0.000000	12.000000
0.000000	13.000000
0.000000	14.000000
0.000000	15.000000
0.000000	16.000000
0.000000	17.000000
0.000000	18.000000
0.000000	19.000000
0.000000	20.000000
0.000000	21.000000
0.000000	22.000000
0.000000	23.000000
0.000000	24.000000
0.000000	25.000000
0.000000	26.000000
0.000000	27.000000
0.000000	28.000000
0.000000	29.000000
0.000000	30.000000
0.000000	31.000000
0.000000	32.000000
0.000000	33.000000
0.000000	34.000000
0.000000	35.000000
0.000000	36.000000
0.000000	37.000000
0.000000	38.000000
0.000000	39.000000
0.000000	40.000000
0.000000	41.000000
0.000000	42.000000
0.000000	43.000000
0.000000	44.000000
0.000000	45.000000
0.000000	46.000000
0.000000	47.000000
0.015873	48.000000
0.015873	49.000000
0.015873	50.000000
0.015873	51.000000
0.015873	52.000000
0.015873	53.000000
0.015873	54.000000
0.015873	55.000000
0.015873	56.000000
0.015873	57.000000
0.015873	58.000000
0.015873	59.000000
0.015873	60.000000
0.015873	61.000000
0.015873	62.000000
0.015873	63.000000
0.024691	64.000000
0.024691	65.000000
0.024691	66.000000
0.024691	67.000000
0.024691	68.000000
0.024691	69.000000
0.024691	70.000000
0.024691	71.000000
0.024691	72.000000
0.024691	73.000000
0.024691	74.000000
0.024691	75.000000
0.024691	76.000000
0.024691	77.000000
0.024691	78.000000
0.024691	79.000000
0.024691	80.000000
0.024691	81.000000
0.024691	82.000000
0.034483	83.000000
0.034483	84.000000
0.034483	85.000000
0.034483	86.000000
0.034483	87.000000
0.034483	88.000000
0.034483	89.000000
0.044444	90.000000
0.044444	91.000000
0.044444	92.000000
0.044444	93.000000
0.054348	94.000000
0.054348	95.000000
0.054348	96.000000
0.065217	97.000000
0.073684	98.000000
0.073684	99.000000
0.073684	100.000000
0.073684	101.000000
0.078431	102.000000
0.078431	103.000000
0.078431	104.000000
0.078431	105.000000
0.078431	106.000000
0.078431	107.000000
0.078431	108.000000
0.078431	109.000000
0.085714	110.000000
0.085714	111.000000
0.085714	112.000000
0.085714	113.000000
0.092593	114.000000
0.092593	115.000000
0.092593	116.000000
0.092593	117.000000
0.101852	118.000000
0.107143	119.000000
0.107143	120.000000
0.107143	121.000000
0.107143	122.000000
0.107143	123.000000
0.116071	124.000000
0.125000	125.000000
0.133929	126.000000
0.139130	127.000000
0.139130	128.000000
0.139130	129.000000
0.139130	130.000000
0.144068	131.000000
0.144068	132.000000
0.144068	133.000000
0.144068	134.000000
0.152542	135.000000
0.159664	136.000000
0.159664	137.000000
0.168067	138.000000
0.176471	139.000000
0.184874	140.000000
0.190083	141.000000
0.190083	142.000000
0.190083	143.000000
0.196721	144.000000
0.196721	145.000000
0.203252	146.000000
0.203252	147.000000
0.211382	148.000000
0.219512	149.000000
0.227642	150.000000
0.235772	151.000000
0.241935	152.000000
0.241935	153.000000
0.250000	154.000000
0.258065	155.000000
0.266129	156.000000
0.274194	157.000000
0.280000	158.000000
0.280000	159.000000
0.285714	160.000000
0.285714	161.000000
0.289062	162.000000
0.289062	163.000000
0.289062	164.000000
0.296875	165.000000
0.297710	166.000000
0.297710	167.000000
0.297710	168.000000
0.297710	169.000000
0.305344	170.000000
0.312977	171.000000
0.320611	172.000000
0.328244	173.000000
0.335878	174.000000
0.343511	175.000000
0.351145	176.000000
0.356061	177.000000
0.356061	178.000000
0.360902	179.000000
0.360902	180.000000
0.365672	181.000000
0.365672	182.000000
0.373134	183.000000
0.380597	184.000000
0.382353	185.000000
0.382353	186.000000
0.382353	187.000000
0.389706	188.000000
0.394161	189.000000
0.394161	190.000000
0.401460	191.000000
0.402878	192.000000
0.402878	193.000000
0.402878	194.000000
0.408451	195.000000
0.408451	196.000000
0.408451	197.000000
0.408451	198.000000
0.408451	199.000000
0.415493	200.000000
0.418919	201.000000
0.418919	202.000000
0.418919	203.000000
0.418919	204.000000
0.418919	205.000000
0.418919	206.000000
0.418919	207.000000
0.418919	208.000000
0.418919	209.000000
0.425676	210.000000
0.432432	211.000000
0.434211	212.000000
0.434211	213.000000
0.434211	214.000000
0.434211	215.000000
0.434211	216.000000
0.434211	217.000000
0.440789	218.000000
0.441558	219.000000
0.441558	220.000000
0.441558	221.000000
0.448052	222.000000
0.454545	223.000000
0.461039	224.000000
0.467532	225.000000
0.474026	226.000000
0.474359	227.000000
0.474359	228.000000
0.474359	229.000000
0.480769	230.000000
0.487179	231.000000
0.493590	232.000000
0.496815	233.000000
0.496815	234.000000
0.500000	235.000000
0.500000	236.000000
0.506329	237.000000
0.509202	238.000000
0.509202	239.000000
0.509202	240.000000
0.509202	241.000000
0.509202	242.000000
0.509202	243.000000
0.509202	244.000000
0.509202	245.000000
0.515337	246.000000
0.518293	247.000000
0.518293	248.000000
0.524096	249.000000
0.524096	250.000000
0.524096	251.000000
0.524096	252.000000
0.530120	253.000000
0.536145	254.000000
0.542169	255.000000
0.548193	256.000000
0.548571	257.000000
0.548571	258.000000
0.548571	259.000000
0.548571	260.000000
0.548571	261.000000
0.548571	262.000000
0.548571	263.000000
0.548571	264.000000
0.548571	265.000000
0.548571	266.000000
0.548571	267.000000
0.548571	268.000000
0.548571	269.000000
0.548571	270.000000
0.554286	271.000000
0.556818	272.000000
0.556818	273.000000
0.562500	274.000000
0.564972	275.000000
0.564972	276.000000
0.570621	277.000000
0.575419	278.000000
0.575419	279.000000
0.575419	280.000000
0.575419	281.000000
0.577778	282.000000
0.577778	283.000000
0.583333	284.000000
0.588889	285.000000
0.594444	286.000000
0.600000	287.000000
0.605556	288.000000
0.607735	289.000000
0.607735	290.000000
0.608696	291.000000
0.608696	292.000000
0.608696	293.000000
0.608696	294.000000
0.608696	295.000000
0.609626	296.000000
0.609626	297.000000
0.609626	298.000000
0.609626	299.000000
0.609626	300.000000
0.611399	301.000000
0.611399	302.000000
0.611399	303.000000
0.611399	304.000000
0.611399	305.000000
0.611399	306.000000
0.611399	307.000000
0.611399	308.000000
0.611399	309.000000
0.611399	310.000000
0.613402	311.000000
0.613402	312.000000
0.615385	313.000000
0.615385	314.000000
0.620513	315.000000
0.625641	316.000000
0.630000	317.000000
0.630000	318.000000
0.630000	319.000000
0.630000	320.000000
0.630000	321.000000
0.630000	322.000000
0.630000	323.000000
0.630000	324.000000
0.630000	325.000000
0.635000	326.000000
0.637255	327.000000
0.637255	328.000000
0.637255	329.000000
0.637255	330.000000
0.637255	331.000000
0.637255	332.000000
0.637255	333.000000
0.637681	334.000000
0.637681	335.000000
0.637681	336.000000
0.637681	337.000000
0.637681	338.000000
0.642512	339.000000
0.647343	340.000000
0.647619	341.000000
0.647619	342.000000
0.647619	343.000000
0.647619	344.000000
0.647619	345.000000
0.647887	346.000000
0.647887	347.000000
0.647887	348.000000
0.647887	349.000000
0.647887	350.000000
0.649533	351.000000
0.649533	352.000000
0.654206	353.000000
0.655814	354.000000
0.655814	355.000000
0.655963	356.000000
0.655963	357.000000
0.655963	358.000000
0.655963	359.000000
0.655963	360.000000
0.656109	361.000000
0.656109	362.000000
0.656109	363.000000
0.656109	364.000000
0.656109	365.000000
0.660633	366.000000
0.665158	367.000000
0.665198	368.000000
0.665198	369.000000
0.665198	370.000000
0.665198	371.000000
0.665198	372.000000
0.665198	373.000000
0.665198	374.000000
0.665198	375.000000
0.665198	376.000000
0.665198	377.000000
0.669604	378.000000
0.671053	379.000000
0.671053	380.000000
0.673729	381.000000
0.673729	382.000000
0.673729	383.000000
0.673729	384.000000
0.673729	385.000000
0.673729	386.000000
0.673729	387.000000
0.673729	388.000000
0.673729	389.000000
0.673729	390.000000
0.673729	391.000000
0.673729	392.000000
0.673729	393.000000
0.673729	394.000000
0.677966	395.000000
0.680498	396.000000
0.680498	397.000000
0.680498	398.000000
0.680498	399.000000
0.680498	400.000000
0.680498	401.000000
0.680498	402.000000
0.680498	403.000000
0.680498	404.000000
0.681818	405.000000
0.681818	406.000000
0.685950	407.000000
0.689516	408.000000
0.689516	409.000000
0.689516	410.000000
0.689516	411.000000
0.689516	412.000000
0.689516	413.000000
0.689516	414.000000
0.689516	415.000000
0.689516	416.000000
0.689516	417.000000
0.689516	418.000000
0.693548	419.000000
0.694118	420.000000
0.694118	421.000000
0.694118	422.000000
0.694118	423.000000
0.694118	424.000000
0.694118	425.000000
0.694118	426.000000
0.694118	427.000000
0.694118	428.000000
0.694118	429.000000
0.694118	430.000000
0.694118	431.000000
0.698039	432.000000
0.701961	433.000000
0.703846	434.000000
0.703846	435.000000
0.703846	436.000000
0.703846	437.000000
0.703846	438.000000
0.703846	439.000000
0.703846	440.000000
0.703846	441.000000
0.703846	442.000000
0.704981	443.000000
0.704981	444.000000
0.706107	445.000000
0.706107	446.000000
0.707224	447.000000
0.707224	448.000000
0.708955	449.000000
0.708955	450.000000
0.708955	451.000000
0.708955	452.000000
0.708955	453.000000
0.708955	454.000000
0.708955	455.000000
0.708955	456.000000
0.708955	457.000000
0.712687	458.000000
0.713755	459.000000
0.713755	460.000000
0.717472	461.000000
0.721190	462.000000
0.724907	463.000000
0.728625	464.000000
0.732342	465.000000
0.733333	466.000000
0.733333	467.000000
0.735294	468.000000
0.735294	469.000000
0.735294	470.000000
0.735294	471.000000
0.735507	472.000000
0.735507	473.000000
0.735507	474.000000
0.735507	475.000000
0.735507	476.000000
0.735507	477.000000
0.735507	478.000000
0.736462	479.000000
0.736462	480.000000
0.740072	481.000000
0.742857	482.000000
0.742857	483.000000
0.742857	484.000000
0.742857	485.000000
0.742857	486.000000
0.742857	487.000000
0.743772	488.000000
0.743772	489.000000
0.747331	490.000000
0.748252	491.000000
0.748252	492.000000
0.748252	493.000000
0.748252	494.000000
0.748252	495.000000
0.748252	496.000000
0.748252	497.000000
0.748252	498.000000
0.748252	499.000000
0.749129	500.000000
0.749129	501.000000
0.750000	502.000000
0.750000	503.000000
0.750865	504.000000
0.750865	505.000000
0.751701	506.000000
0.751701	507.000000
0.751701	508.000000
0.751701	509.000000
0.751701	510.000000
0.751701	511.000000
0.751701	512.000000
0.751701	513.000000
0.751701	514.000000
0.752542	515.000000
0.752542	516.000000
0.753378	517.000000
0.753378	518.000000
0.756757	519.000000
0.760000	520.000000
0.760000	521.000000
0.760000	522.000000
0.760000	523.000000
0.760000	524.000000
0.760000	525.000000
0.760000	526.000000
0.760000	527.000000
0.763333	528.000000
0.766667	529.000000
0.770000	530.000000
0.770764	531.000000
0.770764	532.000000
0.774086	533.000000
0.774834	534.000000
0.774834	535.000000
0.778146	536.000000
0.779605	537.000000
0.779605	538.000000
0.779605	539.000000
0.779605	540.000000
0.782895	541.000000
0.786184	542.000000
0.786350	543.000000
0.786350	544.000000
0.786350	545.000000
0.786350	546.000000
0.786350	547.000000
0.786350	548.000000
0.786350	549.000000
0.786350	550.000000
0.786350	551.000000
0.786350	552.000000
0.786350	553.000000
0.786350	554.000000
0.786350	555.000000
0.786350	556.000000
0.786350	557.000000
0.786350	558.000000
0.786350	559.000000
0.786350	560.000000
0.786350	561.000000
0.786350	562.000000
0.786350	563.000000
0.786350	564.000000
0.786350	565.000000
0.786350	566.000000
0.786350	567.000000
0.786350	568.000000
0.786350	569.000000
0.786350	570.000000
0.786350	571.000000
0.786350	572.000000
0.786350	573.000000
0.786350	574.000000
0.786350	575.000000
0.786350	576.000000
0.786350	577.000000
0.786350	578.000000
0.786350	579.000000
0.786350	580.000000
0.786350	581.000000
0.786350	582.000000
0.786350	583.000000
0.786350	584.000000
0.786350	585.000000
0.786350	586.000000
0.786350	587.000000
0.786350	588.000000
0.786350	589.000000
0.786350	590.000000
0.786350	591.000000
0.786350	592.000000
0.786350	593.000000
0.786350	594.000000
0.786350	595.000000
0.786350	596.000000
0.786350	597.000000
0.786350	598.000000
0.786350	599.000000
0.786350	600.000000
0.786350	601.000000
0.788856	602.000000
0.788856	603.000000
0.788856	604.000000
0.788856	605.000000
0.788856	606.000000
0.788856	607.000000
0.788856	608.000000
0.788856	609.000000
0.791789	610.000000
0.793103	611.000000
0.793103	612.000000
0.793103	613.000000
0.793103	614.000000
0.793103	615.000000
0.793103	616.000000
0.793103	617.000000
0.793103	618.000000
0.793103	619.000000
0.793103	620.000000
0.793103	621.000000
0.793103	622.000000
0.793103	623.000000
0.793696	624.000000
0.793696	625.000000
0.796562	626.000000
0.797721	627.000000
0.797721	628.000000
0.797721	629.000000
0.797721	630.000000
0.797753	631.000000
0.797753	632.000000
0.797753	633.000000
0.797753	634.000000
0.797753	635.000000
0.797753	636.000000
0.797753	637.000000
0.797753	638.000000
0.797753	639.000000
0.798343	640.000000
0.798343	641.000000
0.798343	642.000000
0.798343	643.000000
0.798343	644.000000
0.798343	645.000000
0.798343	646.000000
0.798343	647.000000
0.798343	648.000000
0.798343	649.000000
0.798343	650.000000
0.798898	651.000000
0.798898	652.000000
0.801653	653.000000
0.802198	654.000000
0.802198	655.000000
0.802703	656.000000
0.802703	657.000000
0.802703	658.000000
0.802703	659.000000
0.802703	660.000000
0.802703	661.000000
0.802703	662.000000
0.802703	663.000000
0.802703	664.000000
0.802703	665.000000
0.802703	666.000000
0.805405	667.000000
0.808108	668.000000
0.810811	669.000000
0.813514	670.000000
0.814016	671.000000
0.814016	672.000000
0.816712	673.000000
0.817204	674.000000
0.817204	675.000000
0.819892	676.000000
0.822281	677.000000
0.822281	678.000000
0.822281	679.000000
0.822281	680.000000
0.822281	681.000000
0.822281	682.000000
0.822281	683.000000
0.822281	684.000000
0.822281	685.000000
0.822281	686.000000
0.824121	687.000000
0.824121	688.000000
0.824121	689.000000
0.824121	690.000000
0.824121	691.000000
0.824121	692.000000
0.824121	693.000000
0.824121	694.000000
0.824121	695.000000
0.824121	696.000000
0.824121	697.000000
0.824121	698.000000
0.824121	699.000000
0.824121	700.000000
0.824121	701.000000
0.824121	702.000000
0.824121	703.000000
0.824121	704.000000
0.824121	705.000000
0.824121	706.000000
0.824121	707.000000
0.824121	708.000000
0.824121	709.000000
0.824121	710.000000
0.824121	711.000000
0.824121	712.000000
0.824121	713.000000
0.824121	714.000000
0.824121	715.000000
0.824121	716.000000
0.824121	717.000000
0.824121	718.000000
0.824121	719.000000
0.824121	720.000000
0.824121	721.000000
0.824121	722.000000
0.824121	723.000000
0.824121	724.000000
0.824121	725.000000
0.824561	726.000000
0.824561	727.000000
0.825000	728.000000
0.825000	729.000000
0.827500	730.000000
0.830000	731.000000
0.832500	732.000000
0.832918	733.000000
0.832918	734.000000
0.832924	735.000000
0.832924	736.000000
0.832924	737.000000
0.832924	738.000000
0.832924	739.000000
0.832924	740.000000
0.832924	741.000000
0.832924	742.000000
0.832924	743.000000
0.832924	744.000000
0.832924	745.000000
0.835381	746.000000
0.836245	747.000000
0.836245	748.000000
0.836245	749.000000
0.836245	750.000000
0.836245	751.000000
0.836245	752.000000
0.836245	753.000000
0.836245	754.000000
0.836245	755.000000
0.836245	756.000000
0.836245	757.000000
0.836245	758.000000
0.836245	759.000000
0.836245	760.000000
0.836245	761.000000
0.836245	762.000000
0.836245	763.000000
0.836245	764.000000
0.836245	765.000000
0.836245	766.000000
0.836245	767.000000
0.836245	768.000000
0.836245	769.000000
0.836245	770.000000
0.836245	771.000000
0.836245	772.000000
0.836245	773.000000
0.836245	774.000000
0.836245	775.000000
0.836245	776.000000
0.836245	777.000000
0.836245	778.000000
0.836245	779.000000
0.836245	780.000000
0.836245	781.000000
0.836245	782.000000
0.836245	783.000000
0.836245	784.000000
0.836245	785.000000
0.836245	786.000000
0.836245	787.000000
0.836245	788.000000
0.836245	789.000000
0.836245	790.000000
0.836245	791.000000
0.836245	792.000000
0.836245	793.000000
0.836245	794.000000
0.836245	795.000000
0.836245	796.000000
0.836245	797.000000
0.836245	798.000000
0.836245	799.000000
0.836245	800.000000
0.836245	801.000000
0.836245	802.000000
0.836245	803.000000
0.836245	804.000000
0.836245	805.000000
0.836245	806.000000
0.836245	807.000000
0.836245	808.000000
0.836245	809.000000
0.836245	810.000000
0.836245	811.000000
0.836245	812.000000
0.836245	813.000000
0.836245	814.000000
0.836245	815.000000
0.836245	816.000000
0.836245	817.000000
0.836245	818.000000
0.836245	819.000000
0.836245	820.000000
0.836245	821.000000
0.836245	822.000000
0.836245	823.000000
0.836245	824.000000
0.836245	825.000000
0.836245	826.000000
0.836245	827.000000
0.836245	828.000000
0.836245	829.000000
0.836245	830.000000
0.836245	831.000000
0.836245	832.000000
0.836245	833.000000
0.836245	834.000000
0.836245	835.000000
0.836245	836.000000
0.836245	837.000000
0.836245	838.000000
0.836245	839.000000
0.836245	840.000000
0.836601	841.000000
0.836601	842.000000
0.837662	843.000000
0.837662	844.000000
0.837662	845.000000
0.837662	846.000000
0.837662	847.000000
0.837662	848.000000
0.838013	849.000000
0.838013	850.000000
0.838235	851.000000
0.838235	852.000000
0.838235	853.000000
0.838235	854.000000
0.838235	855.000000
0.838235	856.000000
0.838235	857.000000
0.838235	858.000000
0.838235	859.000000
0.838235	860.000000
0.838235	861.000000
0.838235	862.000000
0.838235	863.000000
0.838235	864.000000
0.838235	865.000000
0.838235	866.000000
0.838235	867.000000
0.838235	868.000000
0.838235	869.000000
0.838235	870.000000
0.838235	871.000000
0.838235	872.000000
0.838235	873.000000
0.838235	874.000000
0.838574	875.000000
0.838574	876.000000
0.838912	877.000000
0.838912	878.000000
0.841004	879.000000
0.843096	880.000000
0.845188	881.000000
0.845511	882.000000
0.845511	883.000000
0.845833	884.000000
0.845833	885.000000
0.846154	886.000000
0.846154	887.000000
0.848233	888.000000
0.849174	889.000000
0.849174	890.000000
0.849174	891.000000
0.849174	892.000000
0.849174	893.000000
0.849174	894.000000
0.849398	895.000000
0.849398	896.000000
0.849398	897.000000
0.849398	898.000000
0.849398	899.000000
0.849398	900.000000
0.849398	901.000000
0.849398	902.000000
0.849398	903.000000
0.849398	904.000000
0.849398	905.000000
0.849398	906.000000
0.849398	907.000000
0.849398	908.000000
0.849398	909.000000
0.849398	910.000000
0.849398	911.000000
0.849398	912.000000
0.849398	913.000000
0.849398	914.000000
0.849398	915.000000
0.849398	916.000000
0.849398	917.000000
0.849398	918.000000
0.849398	919.000000
0.849398	920.000000
0.851406	921.000000
0.851703	922.000000
0.851703	923.000000
0.853707	924.000000
0.855711	925.000000
0.857715	926.000000
0.859719	927.000000
0.860000	928.000000
0.860000	929.000000
0.860279	930.000000
0.860279	931.000000
0.860558	932.000000
0.860558	933.000000
0.861111	934.000000
0.861111	935.000000
0.861111	936.000000
0.861111	937.000000
0.863095	938.000000
0.865079	939.000000
0.865347	940.000000
0.865347	941.000000
0.866142	942.000000
0.866142	943.000000
0.866142	944.000000
0.866142	945.000000
0.866142	946.000000
0.866142	947.000000
0.868110	948.000000
0.869141	949.000000
0.869141	950.000000
0.869141	951.000000
0.869141	952.000000
0.869141	953.000000
0.869141	954.000000
0.869141	955.000000
0.869141	956.000000
0.871094	957.000000
0.873047	958.000000
0.874275	959.000000
0.874275	960.000000
0.874275	961.000000
0.874275	962.000000
0.874275	963.000000
0.874275	964.000000
0.874275	965.000000
0.874275	966.000000
0.874275	967.000000
0.874275	968.000000
0.876209	969.000000
0.877863	970.000000
0.877863	971.000000
0.877863	972.000000
0.877863	973.000000
0.877863	974.000000
0.877863	975.000000
0.877863	976.000000
0.877863	977.000000
0.877863	978.000000
0.877863	979.000000
0.877863	980.000000
0.877863	981.000000
0.877863	982.000000
0.877863	983.000000
0.878788	984.000000
0.878788	985.000000
0.878788	986.000000
0.878788	987.000000
0.878788	988.000000
0.878788	989.000000
0.878788	990.000000
0.878788	991.000000
0.880682	992.000000
0.880907	993.000000
0.880907	994.000000
0.881132	995.000000
0.881132	996.000000
0.883019	997.000000
0.884906	998.000000
0.886792	999.000000
0.887006	1000.000000
0.887006	1001.000000
0.888889	1002.000000
0.889098	1003.000000
0.889098	1004.000000
0.889306	1005.000000
0.889306	1006.000000
0.889513	1007.000000
0.889513	1008.000000
0.890943	1009.000000
0.890943	1010.000000
0.890943	1011.000000
0.890943	1012.000000
0.890943	1013.000000
0.890943	1014.000000
0.890943	1015.000000
0.890943	1016.000000
0.890943	1017.000000
0.890943	1018.000000
0.890943	1019.000000
0.890943	1020.000000
0.890943	1021.000000
0.890943	1022.000000
0.891344	1023.000000
0.891344	1024.000000
0.891344	1025.000000
0.891344	1026.000000
0.893116	1027.000000
0.893116	1028.000000
0.893116	1029.000000
0.893116	1030.000000
0.893116	1031.000000
0.893116	1032.000000
0.893116	1033.000000
0.893116	1034.000000
0.893116	1035.000000
0.893116	1036.000000
0.893116	1037.000000
0.893116	1038.000000
0.893116	1039.000000
0.893116	1040.000000
0.893116	1041.000000
0.893116	1042.000000
0.893116	1043.000000
0.893116	1044.000000
0.893502	1045.000000
0.893502	1046.000000
0.893502	1047.000000
0.893502	1048.000000
0.893885	1049.000000
0.893885	1050.000000
0.893885	1051.000000
0.893885	1052.000000
0.895683	1053.000000
0.897482	1054.000000
0.899281	1055.000000
0.899461	1056.000000
0.899461	1057.000000
0.901257	1058.000000
0.901786	1059.000000
0.901786	1060.000000
0.901786	1061.000000
0.901786	1062.000000
0.901786	1063.000000
0.901786	1064.000000
0.901961	1065.000000
0.901961	1066.000000
0.902135	1067.000000
0.902135	1068.000000
0.903915	1069.000000
0.905694	1070.000000
0.907473	1071.000000
0.909253	1072.000000
0.909574	1073.000000
0.909574	1074.000000
0.909574	1075.000000
0.909574	1076.000000
0.909735	1077.000000
0.909735	1078.000000
0.909894	1079.000000
0.909894	1080.000000
0.910053	1081.000000
0.910053	1082.000000
0.911817	1083.000000
0.911972	1084.000000
0.911972	1085.000000
0.913732	1086.000000
0.913884	1087.000000
0.913884	1088.000000
0.915641	1089.000000
0.917399	1090.000000
0.917544	1091.000000
0.917544	1092.000000
0.917688	1093.000000
0.917688	1094.000000
0.917832	1095.000000
0.917832	1096.000000
0.919580	1097.000000
0.919861	1098.000000
0.919861	1099.000000
0.919861	1100.000000
0.919861	1101.000000
0.921603	1102.000000
0.923345	1103.000000
0.923611	1104.000000
0.923611	1105.000000
0.923611	1106.000000
0.923611	1107.000000
0.925347	1108.000000
0.927083	1109.000000
0.928819	1110.000000
0.928943	1111.000000
0.928943	1112.000000
0.930676	1113.000000
0.930796	1114.000000
0.930796	1115.000000
0.931507	1116.000000
0.931507	1117.000000
0.931507	1118.000000
0.931507	1119.000000
0.931507	1120.000000
0.931507	1121.000000
0.931507	1122.000000
0.931507	1123.000000
0.931507	1124.000000
0.931507	1125.000000
0.931507	1126.000000
0.931507	1127.000000
0.933219	1128.000000
0.934932	1129.000000
0.936644	1130.000000
0.938356	1131.000000
0.940068	1132.000000
0.940476	1133.000000
0.940476	1134.000000
0.940476	1135.000000
0.940476	1136.000000
0.940476	1137.000000
0.940476	1138.000000
0.940476	1139.000000
0.940476	1140.000000
0.940778	1141.000000
0.940778	1142.000000
0.940778	1143.000000
0.940778	1144.000000
0.940778	1145.000000
0.940778	1146.000000
0.942470	1147.000000
0.944162	1148.000000
0.945854	1149.000000
0.947547	1150.000000
0.947723	1151.000000
0.947723	1152.000000
0.947723	1153.000000
0.947723	1154.000000
0.948505	1155.000000
0.948505	1156.000000
0.948505	1157.000000
0.948505	1158.000000
0.948505	1159.000000
0.948505	1160.000000
0.948505	1161.000000
0.948505	1162.000000
0.948505	1163.000000
0.948505	1164.000000
0.948505	1165.000000
0.948505	1166.000000
0.948505	1167.000000
0.948505	1168.000000
0.948505	1169.000000
0.948505	1170.000000
0.948505	1171.000000
0.948505	1172.000000
0.948718	1173.000000
0.948718	1174.000000
0.948718	1175.000000
0.948718	1176.000000
0.948718	1177.000000
0.948718	1178.000000
0.948718	1179.000000
0.948718	1180.000000
0.948718	1181.000000
0.948718	1182.000000
0.948718	1183.000000
0.948718	1184.000000
0.948718	1185.000000
0.948718	1186.000000
0.948718	1187.000000
0.948718	1188.000000
0.948718	1189.000000
0.948718	1190.000000
0.948718	1191.000000
0.948718	1192.000000
0.948718	1193.000000
0.948718	1194.000000
0.948718	1195.000000
0.948718	1196.000000
0.948718	1197.000000
0.948718	1198.000000
0.948718	1199.000000
0.948718	1200.000000
0.948718	1201.000000
0.948718	1202.000000
0.948718	1203.000000
0.948718	1204.000000
0.948718	1205.000000
0.948718	1206.000000
0.948718	1207.000000
0.948718	1208.000000
0.948718	1209.000000
0.948718	1210.000000
0.948718	1211.000000
0.948718	1212.000000
0.948718	1213.000000
0.948718	1214.000000
0.948718	1215.000000
0.948800	1216.000000
0.948800	1217.000000
0.949126	1218.000000
0.949126	1219.000000
0.949126	1220.000000
0.949126	1221.000000
0.949126	1222.000000
0.949126	1223.000000
0.949126	1224.000000
0.949126	1225.000000
0.949447	1226.000000
0.949447	1227.000000
0.949447	1228.000000
0.949447	1229.000000
0.949447	1230.000000
0.949447	1231.000000
0.949447	1232.000000
0.949447	1233.000000
0.951027	1234.000000
0.952607	1235.000000
0.952681	1236.000000
0.952681	1237.000000
0.952756	1238.000000
0.952756	1239.000000
0.954331	1240.000000
0.955906	1241.000000
0.957480	1242.000000
0.958204	1243.000000
0.958204	1244.000000
0.958204	1245.000000
0.958204	1246.000000
0.958204	1247.000000
0.958204	1248.000000
0.958204	1249.000000
0.958204	1250.000000
0.958204	1251.000000
0.958204	1252.000000
0.958204	1253.000000
0.958204	1254.000000
0.958204	1255.000000
0.958204	1256.000000
0.958204	1257.000000
0.958204	1258.000000
0.958204	1259.000000
0.958204	1260.000000
0.958204	1261.000000
0.958204	1262.000000
0.958204	1263.000000
0.958204	1264.000000
0.958269	1265.000000
0.958269	1266.000000
0.958333	1267.000000
0.958333	1268.000000
0.959877	1269.000000
0.960606	1270.000000
0.960606	1271.000000
0.960606	1272.000000
0.960606	1273.000000
0.960606	1274.000000
0.960606	1275.000000
0.960606	1276.000000
0.960606	1277.000000
0.960606	1278.000000
0.960606	1279.000000
0.960606	1280.000000
0.960606	1281.000000
0.960606	1282.000000
0.960606	1283.000000
0.960606	1284.000000
0.960606	1285.000000
0.960606	1286.000000
0.960606	1287.000000
0.960606	1288.000000
0.960606	1289.000000
0.960606	1290.000000
0.960606	1291.000000
0.960606	1292.000000
0.960606	1293.000000
0.960666	1294.000000
0.960666	1295.000000
0.960725	1296.000000
0.960725	1297.000000
0.961136	1298.000000
0.961136	1299.000000
0.961136	1300.000000
0.961136	1301.000000
0.961136	1302.000000
0.961136	1303.000000
0.961136	1304.000000
0.961136	1305.000000
0.961136	1306.000000
0.961136	1307.000000
0.961136	1308.000000
0.961136	1309.000000
0.961136	1310.000000
0.961136	1311.000000
0.961194	1312.000000
0.961194	1313.000000
0.962687	1314.000000
0.962742	1315.000000
0.962742	1316.000000
0.962751	1317.000000
0.962751	1318.000000
0.962751	1319.000000
0.962751	1320.000000
0.962751	1321.000000
0.962751	1322.000000
0.962751	1323.000000
0.962751	1324.000000
0.962751	1325.000000
0.962751	1326.000000
0.962751	1327.000000
0.962751	1328.000000
0.962751	1329.000000
0.962751	1330.000000
0.962751	1331.000000
0.962751	1332.000000
0.962751	1333.000000
0.962751	1334.000000
0.962751	1335.000000
0.962751	1336.000000
0.962751	1337.000000
0.962751	1338.000000
0.962751	1339.000000
0.962751	1340.000000
0.962751	1341.000000
0.962751	1342.000000
0.962751	1343.000000
0.962751	1344.000000
0.962751	1345.000000
0.962751	1346.000000
0.962751	1347.000000
0.962751	1348.000000
0.962751	1349.000000
0.962751	1350.000000
0.962751	1351.000000
0.962751	1352.000000
0.962751	1353.000000
0.962751	1354.000000
0.962751	1355.000000
0.962751	1356.000000
0.962751	1357.000000
0.962751	1358.000000
0.962751	1359.000000
0.962751	1360.000000
0.962751	1361.000000
0.962751	1362.000000
0.962751	1363.000000
0.962751	1364.000000
0.962751	1365.000000
0.962751	1366.000000
0.962751	1367.000000
0.962751	1368.000000
0.962751	1369.000000
0.964183	1370.000000
0.964235	1371.000000
0.964235	1372.000000
0.965665	1373.000000
0.965706	1374.000000
0.965706	1375.000000
0.965706	1376.000000
0.965706	1377.000000
0.965706	1378.000000
0.965706	1379.000000
0.965706	1380.000000
0.965706	1381.000000
0.965706	1382.000000
0.965706	1383.000000
0.965706	1384.000000
0.965706	1385.000000
0.965706	1386.000000
0.965706	1387.000000
0.965706	1388.000000
0.965706	1389.000000
0.965706	1390.000000
0.965706	1391.000000
0.965706	1392.000000
0.965706	1393.000000
0.965706	1394.000000
0.965706	1395.000000
0.965706	1396.000000
0.965706	1397.000000
0.965706	1398.000000
0.965706	1399.000000
0.965706	1400.000000
0.965706	1401.000000
0.965706	1402.000000
0.965706	1403.000000
0.965706	1404.000000
0.965706	1405.000000
0.965706	1406.000000
0.965706	1407.000000
0.965706	1408.000000
0.965706	1409.000000
0.965706	1410.000000
0.965706	1411.000000
0.965706	1412.000000
0.965706	1413.000000
0.965706	1414.000000
0.965706	1415.000000
0.965706	1416.000000
0.965706	1417.000000
0.965706	1418.000000
0.965706	1419.000000
0.965706	1420.000000
0.965706	1421.000000
0.965706	1422.000000
0.965706	1423.000000
0.965706	1424.000000
0.965706	1425.000000
0.965706	1426.000000
0.965706	1427.000000
0.965706	1428.000000
0.965706	1429.000000
0.965706	1430.000000
0.965706	1431.000000
0.965706	1432.000000
0.966353	1433.000000
0.966353	1434.000000
0.966353	1435.000000
0.966353	1436.000000
0.966353	1437.000000
0.966353	1438.000000
0.966353	1439.000000
0.966353	1440.000000
0.966353	1441.000000
0.966353	1442.000000
0.966353	1443.000000
0.966353	1444.000000
0.966353	1445.000000
0.966353	1446.000000
0.966353	1447.000000
0.966353	1448.000000
0.966353	1449.000000
0.966353	1450.000000
0.966353	1451.000000
0.966353	1452.000000
0.966353	1453.000000
0.966353	1454.000000
0.966353	1455.000000
0.966353	1456.000000
0.966353	1457.000000
0.966353	1458.000000
0.966353	1459.000000
0.966353	1460.000000
0.967699	1461.000000
0.969044	1462.000000
0.970390	1463.000000
0.970430	1464.000000
0.970430	1465.000000
0.971774	1466.000000
0.971812	1467.000000
0.971812	1468.000000
0.973154	1469.000000
0.973226	1470.000000
0.973226	1471.000000
0.973226	1472.000000
0.973226	1473.000000
0.973333	1474.000000
0.973333	1475.000000
0.973333	1476.000000
0.973333	1477.000000
0.973333	1478.000000
0.973333	1479.000000
0.974667	1480.000000
0.976000	1481.000000
0.977333	1482.000000
0.977364	1483.000000
0.977364	1484.000000
0.977394	1485.000000
0.977394	1486.000000
0.978723	1487.000000
0.978752	1488.000000
0.978752	1489.000000
0.978808	1490.000000
0.978808	1491.000000
0.978808	1492.000000
0.978808	1493.000000
0.978920	1494.000000
0.978920	1495.000000
0.978920	1496.000000
0.978920	1497.000000
0.978920	1498.000000
0.978920	1499.000000
0.978920	1500.000000
0.978920	1501.000000
0.978947	1502.000000
0.978947	1503.000000
0.978975	1504.000000
0.978975	1505.000000
0.980289	1506.000000
0.981572	1507.000000
0.981572	1508.000000
0.981572	1509.000000
0.981572	1510.000000
0.981572	1511.000000
0.981572	1512.000000
0.981572	1513.000000
0.981572	1514.000000
0.981572	1515.000000
0.981572	1516.000000
0.981572	1517.000000
0.981572	1518.000000
0.981572	1519.000000
0.981572	1520.000000
0.981572	1521.000000
0.981572	1522.000000
0.981572	1523.000000
0.981572	1524.000000
0.981572	1525.000000
0.981572	1526.000000
0.981572	1527.000000
0.981572	1528.000000
0.981572	1529.000000
0.981572	1530.000000
0.981572	1531.000000
0.981572	1532.000000
0.981572	1533.000000
0.981572	1534.000000
0.981572	1535.000000
0.981572	1536.000000
0.981572	1537.000000
0.981572	1538.000000
0.981572	1539.000000
0.981572	1540.000000
0.981572	1541.000000
0.981572	1542.000000
0.981572	1543.000000
0.981572	1544.000000
0.981572	1545.000000
0.981572	1546.000000
0.981572	1547.000000
0.981572	1548.000000
0.981572	1549.000000
0.981572	1550.000000
0.981572	1551.000000
0.981572	1552.000000
0.981572	1553.000000
0.981572	1554.000000
0.981572	1555.000000
0.981572	1556.000000
0.981572	1557.000000
0.981572	1558.000000
0.981572	1559.000000
0.981572	1560.000000
0.981572	1561.000000
0.981572	1562.000000
0.981572	1563.000000
0.981572	1564.000000
0.981572	1565.000000
0.981572	1566.000000
0.981572	1567.000000
0.981572	1568.000000
0.981572	1569.000000
0.981572	1570.000000
0.981572	1571.000000
0.981572	1572.000000
0.981572	1573.000000
0.981572	1574.000000
0.981572	1575.000000
0.981572	1576.000000
0.981572	1577.000000
0.981572	1578.000000
0.981572	1579.000000
0.981572	1580.000000
0.981572	1581.000000
0.981572	1582.000000
0.981572	1583.000000
0.981572	1584.000000
0.981572	1585.000000
0.981572	1586.000000
0.981572	1587.000000
0.981572	1588.000000
0.981572	1589.000000
0.981572	1590.000000
0.981572	1591.000000
0.981572	1592.000000
0.981572	1593.000000
0.981572	1594.000000
0.981572	1595.000000
0.981572	1596.000000
0.981572	1597.000000
0.981572	1598.000000
0.981572	1599.000000
0.981572	1600.000000
0.981572	1601.000000
0.981572	1602.000000
0.981572	1603.000000
0.981572	1604.000000
0.981572	1605.000000
0.981572	1606.000000
0.981572	1607.000000
0.981572	1608.000000
0.981572	1609.000000
0.981572	1610.000000
0.981572	1611.000000
0.981572	1612.000000
0.981595	1613.000000
0.981595	1614.000000
0.981640	1615.000000
0.981640	1616.000000
0.981640	1617.000000
0.981640	1618.000000
0.982864	1619.000000
0.982885	1620.000000
0.982885	1621.000000
0.984108	1622.000000
0.984166	1623.000000
0.984166	1624.000000
0.984166	1625.000000
0.984166	1626.000000
0.984166	1627.000000
0.984166	1628.000000
0.985384	1629.000000
0.985948	1630.000000
0.985948	1631.000000
0.985948	1632.000000
0.985948	1633.000000
0.985948	1634.000000
0.985948	1635.000000
0.985948	1636.000000
0.985948	1637.000000
0.985948	1638.000000
0.985948	1639.000000
0.985948	1640.000000
0.985948	1641.000000
0.985948	1642.000000
0.985948	1643.000000
0.985948	1644.000000
0.985948	1645.000000
0.985948	1646.000000
0.985948	1647.000000
0.985948	1648.000000
0.985948	1649.000000
0.985948	1650.000000
0.985948	1651.000000
0.985948	1652.000000
0.985948	1653.000000
0.985948	1654.000000
0.985948	1655.000000
0.985948	1656.000000
0.985948	1657.000000
0.985948	1658.000000
0.985948	1659.000000
0.985948	1660.000000
0.985948	1661.000000
0.985948	1662.000000
0.985948	1663.000000
0.985948	1664.000000
0.985948	1665.000000
0.985948	1666.000000
0.985948	1667.000000
0.985948	1668.000000
0.985948	1669.000000
0.985948	1670.000000
0.985948	1671.000000
0.985948	1672.000000
0.985948	1673.000000
0.985948	1674.000000
0.985948	1675.000000
0.985948	1676.000000
0.985948	1677.000000
0.985948	1678.000000
0.985948	1679.000000
0.985948	1680.000000
0.985948	1681.000000
0.985948	1682.000000
0.985948	1683.000000
0.985948	1684.000000
0.985948	1685.000000
0.985948	1686.000000
0.985948	1687.000000
0.985948	1688.000000
0.985948	1689.000000
0.985948	1690.000000
0.985948	1691.000000
0.985948	1692.000000
0.985948	1693.000000
0.985948	1694.000000
0.985948	1695.000000
0.985965	1696.000000
0.985965	1697.000000
0.986270	1698.000000
0.986270	1699.000000
0.986270	1700.000000
0.986270	1701.000000
0.986270	1702.000000
0.986270	1703.000000
0.986270	1704.000000
0.986270	1705.000000
0.986270	1706.000000
0.986270	1707.000000
0.986270	1708.000000
0.986270	1709.000000
0.986270	1710.000000
0.986270	1711.000000
0.986270	1712.000000
0.986270	1713.000000
0.986270	1714.000000
0.986270	1715.000000
0.986270	1716.000000
0.986270	1717.000000
0.986270	1718.000000
0.986270	1719.000000
0.986270	1720.000000
0.986270	1721.000000
0.986270	1722.000000
0.986270	1723.000000
0.986270	1724.000000
0.986270	1725.000000
0.986270	1726.000000
0.986270	1727.000000
0.986270	1728.000000
0.986270	1729.000000
0.986270	1730.000000
0.986270	1731.000000
0.986270	1732.000000
0.986270	1733.000000
0.986270	1734.000000
0.986270	1735.000000
0.986942	1736.000000
0.986942	1737.000000
0.986942	1738.000000
0.986942	1739.000000
0.986942	1740.000000
0.986942	1741.000000
0.986942	1742.000000
0.986942	1743.000000
0.986942	1744.000000
0.986942	1745.000000
0.986942	1746.000000
0.986942	1747.000000
0.986942	1748.000000
0.986942	1749.000000
0.986942	1750.000000
0.986942	1751.000000
0.986942	1752.000000
0.986942	1753.000000
0.986942	1754.000000
0.986942	1755.000000
0.986942	1756.000000
0.986942	1757.000000
0.986942	1758.000000
0.986942	1759.000000
0.986942	1760.000000
0.986942	1761.000000
0.986942	1762.000000
0.986942	1763.000000
0.986942	1764.000000
0.986942	1765.000000
0.986942	1766.000000
0.986942	1767.000000
0.986942	1768.000000
0.986942	1769.000000
0.986942	1770.000000
0.986942	1771.000000
0.986942	1772.000000
0.986942	1773.000000
0.986942	1774.000000
0.986942	1775.000000
0.986942	1776.000000
0.986942	1777.000000
0.986942	1778.000000
0.986942	1779.000000
0.986942	1780.000000
0.986942	1781.000000
0.986942	1782.000000
0.986942	1783.000000
0.986942	1784.000000
0.986942	1785.000000
0.986942	1786.000000
0.986942	1787.000000
0.986942	1788.000000
0.986942	1789.000000
0.986942	1790.000000
0.986942	1791.000000
0.986942	1792.000000
0.986942	1793.000000
0.986942	1794.000000
0.986942	1795.000000
0.986942	1796.000000
0.986942	1797.000000
0.986942	1798.000000
0.986942	1799.000000
0.986942	1800.000000
0.986942	1801.000000
0.986942	1802.000000
0.986942	1803.000000
0.986942	1804.000000
0.986942	1805.000000
0.986942	1806.000000
0.986942	1807.000000
0.986942	1808.000000
0.986942	1809.000000
0.986942	1810.000000
0.986942	1811.000000
0.986942	1812.000000
0.986942	1813.000000
0.986942	1814.000000
0.986942	1815.000000
0.986942	1816.000000
0.986942	1817.000000
0.986942	1818.000000
0.986942	1819.000000
0.986942	1820.000000
0.986942	1821.000000
0.986942	1822.000000
0.986942	1823.000000
0.986942	1824.000000
0.986942	1825.000000
0.988030	1826.000000
0.989119	1827.000000
0.989259	1828.000000
0.989259	1829.000000
0.989259	1830.000000
0.989259	1831.000000
0.989259	1832.000000
0.989259	1833.000000
0.989259	1834.000000
0.989259	1835.000000
0.989259	1836.000000
0.989259	1837.000000
0.989259	1838.000000
0.989259	1839.000000
0.989259	1840.000000
0.989259	1841.000000
0.989259	1842.000000
0.989259	1843.000000
0.989259	1844.000000
0.989259	1845.000000
0.989259	1846.000000
0.989259	1847.000000
0.989259	1848.000000
0.989259	1849.000000
0.989259	1850.000000
0.989259	1851.000000
0.990333	1852.000000
0.991407	1853.000000
0.991416	1854.000000
0.991416	1855.000000
0.992489	1856.000000
0.993562	1857.000000
0.993583	1858.000000
0.993583	1859.000000
0.993583	1860.000000
0.993583	1861.000000
0.993583	1862.000000
0.993583	1863.000000
0.994652	1864.000000
0.995722	1865.000000
0.996791	1866.000000
0.996795	1867.000000
0.996795	1868.000000
0.996798	1869.000000
0.996798	1870.000000
0.996802	1871.000000
0.996802	1872.000000
0.996865	1873.000000
0.996865	1874.000000
0.996865	1875.000000
0.996865	1876.000000
0.996865	1877.000000
0.996865	1878.000000
0.996865	1879.000000
0.996865	1880.000000
0.996865	1881.000000
0.996865	1882.000000
0.996865	1883.000000
0.996865	1884.000000
0.996865	1885.000000
0.996865	1886.000000
0.996865	1887.000000
0.996865	1888.000000
0.996865	1889.000000
0.996865	1890.000000
0.996865	1891.000000
0.996865	1892.000000
0.996865	1893.000000
0.996865	1894.000000
0.996865	1895.000000
0.996865	1896.000000
0.996865	1897.000000
0.996865	1898.000000
0.996865	1899.000000
0.996865	1900.000000
0.996865	1901.000000
0.996865	1902.000000
0.996865	1903.000000
0.996865	1904.000000
0.996865	1905.000000
0.996865	1906.000000
0.996865	1907.000000
0.996865	1908.000000
0.996865	1909.000000
0.996865	1910.000000
0.996933	1911.000000
0.996933	1912.000000
0.996933	1913.000000
0.996933	1914.000000
0.996933	1915.000000
0.996933	1916.000000
0.996933	1917.000000
0.996933	1918.000000
0.996933	1919.000000
0.996933	1920.000000
0.996933	1921.000000
0.996933	1922.000000
0.996933	1923.000000
0.996933	1924.000000
0.996933	1925.000000
0.996933	1926.000000
0.996933	1927.000000
0.996933	1928.000000
0.996933	1929.000000
0.996933	1930.000000
0.996933	1931.000000
0.996933	1932.000000
0.996933	1933.000000
0.996933	1934.000000
0.996933	1935.000000
0.996933	1936.000000
0.996933	1937.000000
0.996933	1938.000000
0.996933	1939.000000
0.996933	1940.000000
0.996933	1941.000000
0.996933	1942.000000
0.996933	1943.000000
0.996933	1944.000000
0.996933	1945.000000
0.996933	1946.000000
0.996933	1947.000000
0.996933	1948.000000
0.996933	1949.000000
0.996933	1950.000000
0.996933	1951.000000
0.996933	1952.000000
0.996994	1953.000000
0.996994	1954.000000
0.996994	1955.000000
0.996994	1956.000000
0.996994	1957.000000
0.996994	1958.000000
0.996994	1959.000000
0.996994	1960.000000
0.996994	1961.000000
0.996994	1962.000000
0.996994	1963.000000
0.996994	1964.000000
0.996994	1965.000000
0.996994	1966.000000
0.996994	1967.000000
0.996994	1968.000000
0.996994	1969.000000
0.996994	1970.000000
0.996994	1971.000000
0.996994	1972.000000
0.996994	1973.000000
0.996994	1974.000000
0.996994	1975.000000
0.996994	1976.000000
0.996994	1977.000000
0.996994	1978.000000
0.996994	1979.000000
0.996994	1980.000000
0.996994	1981.000000
0.996994	1982.000000
0.996994	1983.000000
0.996994	1984.000000
0.996994	1985.000000
0.996994	1986.000000
0.996994	1987.000000
0.996994	1988.000000
0.996994	1989.000000
0.996994	1990.000000
0.996994	1991.000000
0.996994	1992.000000
0.997996	1993.000000
0.998998	1994.000000
0.999000	1995.000000
0.999000	1996.000000
0.999000	1997.000000
0.999000	1998.000000
1.000000	1999.000000
