5339 939
5393 945
5460 948
5481 946
5507 949
5512 948
5529 946
5633 954
5773 949
5773 949
5773 949
5719 959
5796 967
5859 971
5880 971
5899 970
5906 970
5938 969
6032 974
6170 983
6170 983
6170 983
5800 961
5877 967
5957 972
5987 972
6009 971
6021 972
6060 971
6167 977
6304 988
6304 988
6304 988
5840 963
5920 970
6011 975
6047 974
6072 973
6086 974
6127 973
6236 979
6383 991
6383 991
6383 991
5883 964
5961 971
6059 976
6100 975
6132 974
6146 975
6188 975
6302 984
6450 993
6450 993
6450 993
5920 966
6002 973
6090 978
6132 977
6173 977
6187 978
6230 977
6353 985
6507 994
6507 994
6507 994
5945 967
6029 974
6126 979
6168 977
6214 978
6234 979
6282 978
6416 987
6569 995
6569 995
6569 995
5976 969
6067 977
6170 981
6214 979
6264 980
6283 981
6332 980
6467 990
6614 999
6614 999
6614 999
6007 974
6095 980
6207 984
6253 982
6301 983
6321 984
6372 983
6510 994
6653 1002
6653 1002
6653 1002
