5404 975
5480 985
5529 988
5546 987
5576 987
5585 987
5605 987
5704 982
5860 988
5860 988
5860 988
5778 980
5857 992
5908 999
5935 999
5968 1003
5979 1003
6002 1002
6101 1004
6231 1013
6231 1013
6231 1013
5855 981
5934 992
6001 1000
6037 1000
6071 1004
6086 1005
6112 1004
6225 1006
6353 1015
6353 1015
6353 1015
5890 983
5969 994
6047 1002
6088 1001
6127 1006
6144 1007
6174 1006
6291 1009
6420 1019
6420 1019
6420 1019
5924 986
6001 997
6087 1005
6132 1004
6180 1009
6198 1010
6230 1010
6349 1016
6475 1023
6475 1023
6475 1023
5957 988
6041 999
6121 1007
6171 1007
6227 1014
6245 1015
6279 1014
6404 1018
6534 1024
6534 1024
6534 1024
5981 989
6065 1000
6156 1008
6207 1007
6266 1015
6291 1016
6328 1015
6456 1019
6595 1024
6595 1024
6595 1024
6013 990
6103 1002
6197 1009
6249 1008
6311 1016
6334 1017
6372 1016
6504 1020
6641 1025
6641 1025
6641 1025
6041 994
6128 1004
6228 1012
6286 1012
6346 1020
6370 1021
6410 1020
6548 1023
6679 1028
6679 1028
6679 1028
