3470 546
3700 549
4193 560
4193 560
4193 560
3877 563
4164 567
4747 577
4747 577
4747 577
4030 569
4358 575
4967 584
4967 584
4967 584
4129 573
4499 581
5131 589
5131 589
5131 589
4230 577
4630 587
5265 591
5265 591
5265 591
3525 555
3671 565
4225 573
4225 573
4225 573
3931 573
4117 584
4759 591
4759 591
4759 591
4081 579
4299 592
4967 598
4967 598
4967 598
4182 583
4436 598
5124 603
5124 603
5124 603
4281 587
4563 604
5249 605
5249 605
5249 605
3812 592
3980 602
4114 605
4114 605
4114 605
4208 611
4420 623
4579 625
4579 625
4579 625
4352 617
4588 631
4760 634
4760 634
4760 634
4450 619
4722 635
4910 639
4910 639
4910 639
4531 621
4834 639
5039 642
5039 642
5039 642
4603 715
4757 726
4910 730
4910 730
4910 730
5014 734
5197 747
5364 749
5364 749
5364 749
5134 740
5341 754
5512 756
5512 756
5512 756
5217 741
5435 756
5617 757
5617 757
5617 757
5302 743
5545 761
5724 761
5724 761
5724 761
4692 745
4840 760
5002 766
5002 766
5002 766
5117 765
5284 781
5445 791
5445 791
5445 791
5256 773
5430 789
5593 800
5593 800
5593 800
5332 775
5523 793
5698 803
5698 803
5698 803
5414 778
5629 798
5800 806
5800 806
5800 806
4542 775
4674 789
4871 811
4871 811
4871 811
4968 798
5122 813
5325 835
5325 835
5325 835
5109 807
5275 821
5482 845
5482 845
5482 845
5183 808
5358 824
5586 847
5586 847
5586 847
5252 811
5454 830
5670 850
5670 850
5670 850
4624 805
4751 824
4993 838
4993 838
4993 838
5069 829
5195 843
5420 857
5420 857
5420 857
5203 837
5345 851
5560 866
5560 866
5560 866
5289 840
5433 854
5657 869
5657 869
5657 869
5351 840
5518 857
5736 871
5736 871
5736 871
4697 818
4833 834
4996 842
4996 842
4996 842
5142 840
5295 855
5432 859
5432 859
5432 859
5272 848
5443 864
5582 869
5582 869
5582 869
5357 851
5531 867
5682 872
5682 872
5682 872
5415 851
5610 870
5765 875
5765 875
5765 875
4716 814
4855 836
4996 841
4996 841
4996 841
5162 838
5313 858
5431 857
5431 857
5431 857
5295 847
5462 868
5581 867
5581 867
5581 867
5381 850
5547 871
5678 870
5678 870
5678 870
5437 850
5624 873
5758 873
5758 873
5758 873
4938 852
5068 867
5216 879
5216 879
5216 879
5395 877
5537 894
5665 901
5665 901
5665 901
5518 885
5675 903
5799 909
5799 909
5799 909
5602 888
5762 906
5896 913
5896 913
5896 913
5667 890
5842 909
5972 914
5972 914
5972 914
3346 591
3593 599
4102 602
4102 602
4102 602
3689 613
4016 625
4639 628
4639 628
4639 628
3774 617
4162 631
4829 634
4829 634
4829 634
3874 619
4305 635
4974 638
4974 638
4974 638
3978 624
4439 641
5110 642
5110 642
5110 642
3374 602
3539 614
4132 617
4132 617
4132 617
3719 628
3915 648
4625 651
4625 651
4625 651
3808 632
4032 652
4793 654
4793 654
4793 654
3915 635
4172 657
4933 659
4933 659
4933 659
4023 641
4313 664
5075 663
5075 663
5075 663
3634 647
3815 660
3965 665
3965 665
3965 665
3937 672
4157 692
4324 698
4324 698
4324 698
4029 680
4264 695
4444 703
4444 703
4444 703
4127 680
4393 698
4585 707
4585 707
4585 707
4220 684
4520 703
4728 711
4728 711
4728 711
4359 775
4499 785
4682 791
4682 791
4682 791
4603 794
4785 811
5005 823
5005 823
5005 823
4691 798
4887 814
5109 831
5109 831
5109 831
4783 800
4988 817
5224 834
5224 834
5224 834
4864 801
5098 820
5336 836
5336 836
5336 836
4456 811
4586 810
4766 826
4766 826
4766 826
4701 823
4844 835
5039 854
5039 854
5039 854
4796 825
4953 837
5146 854
5146 854
5146 854
4864 826
5046 840
5255 858
5255 858
5255 858
4951 829
5161 847
5373 866
5373 866
5373 866
4277 833
4402 841
4606 844
4606 844
4606 844
4526 849
4645 850
4875 866
4875 866
4875 866
4633 855
4760 858
4980 872
4980 872
4980 872
4720 859
4867 864
5103 878
5103 878
5103 878
4793 861
4981 871
5216 884
5216 884
5216 884
4404 857
4513 863
4747 883
4747 883
4747 883
4633 871
4743 878
5007 904
5007 904
5007 904
4724 880
4844 885
5111 911
5111 911
5111 911
4815 883
4946 888
5223 914
5223 914
5223 914
4897 887
5051 894
5336 921
5336 921
5336 921
4492 878
4608 880
4753 889
4753 889
4753 889
4722 892
4834 894
4992 903
4992 903
4992 903
4810 897
4943 898
5102 902
5102 902
5102 902
4899 900
5040 901
5211 905
5211 905
5211 905
4972 903
5143 908
5323 913
5323 913
5323 913
4494 880
4600 880
4743 886
4743 886
4743 886
4744 893
4840 896
4977 897
4977 897
4977 897
4830 899
4944 901
5079 898
5079 898
5079 898
4920 902
5042 905
5188 902
5188 902
5188 902
4999 907
5146 912
5299 909
5299 909
5299 909
4757 931
4851 928
4990 932
4990 932
4990 932
5001 931
5114 938
5242 948
5242 948
5242 948
5089 933
5216 939
5346 951
5346 951
5346 951
5174 938
5316 947
5459 961
5459 961
5459 961
5247 939
5418 951
5566 965
5566 965
5566 965
3292 593
3545 597
4065 599
4065 599
4065 599
3614 616
3951 624
4589 627
4589 627
4589 627
3718 623
4125 635
4825 637
4825 637
4825 637
3792 626
4245 641
4954 643
4954 643
4954 643
3879 632
4364 649
5068 647
5068 647
5068 647
3321 604
3470 615
4077 610
4077 610
4077 610
3650 627
3845 642
4562 640
4562 640
4562 640
3750 634
3985 648
4778 647
4778 647
4778 647
3829 640
4091 656
4902 653
4902 653
4902 653
3916 646
4207 664
5012 657
5012 657
5012 657
3558 648
3758 662
3898 664
3898 664
3898 664
3850 676
4076 697
4248 695
4248 695
4248 695
3947 684
4219 706
4423 710
4423 710
4423 710
4020 685
4318 710
4540 719
4540 719
4540 719
4101 688
4425 715
4656 722
4656 722
4656 722
4230 784
4380 801
4568 805
4568 805
4568 805
4462 797
4639 815
4850 829
4850 829
4850 829
4552 802
4771 818
5016 842
5016 842
5016 842
4628 804
4851 828
5101 851
5101 851
5101 851
4712 806
4967 832
5210 855
5210 855
5210 855
4286 806
4408 820
4598 832
4598 832
4598 832
4526 834
4692 850
4894 858
4894 858
4894 858
4635 830
4819 855
5037 872
5037 872
5037 872
4696 836
4899 859
5121 874
5121 874
5121 874
4772 837
5004 864
5221 879
5221 879
5221 879
4107 805
4223 814
4446 822
4446 822
4446 822
4348 822
4478 830
4706 853
4706 853
4706 853
4450 829
4605 830
4856 861
4856 861
4856 861
4520 834
4694 838
4948 867
4948 867
4948 867
4601 837
4807 845
5054 874
5054 874
5054 874
4207 835
4328 844
4567 849
4567 849
4567 849
4412 851
4547 861
4781 871
4781 871
4781 871
4520 854
4671 863
4902 877
4902 877
4902 877
4594 858
4751 872
4995 885
4995 885
4995 885
4681 864
4862 882
5100 896
5100 896
5100 896
4305 861
4425 861
4572 860
4572 860
4572 860
4517 865
4635 866
4766 876
4766 876
4766 876
4598 873
4734 873
4881 883
4881 883
4881 883
4676 878
4809 882
4974 891
4974 891
4974 891
4760 885
4916 893
5080 900
5080 900
5080 900
4290 861
4381 869
4516 862
4516 862
4516 862
4510 868
4630 878
4748 881
4748 881
4748 881
4598 876
4733 888
4847 883
4847 883
4847 883
4674 886
4809 895
4954 890
4954 890
4954 890
4756 893
4916 905
5062 900
5062 900
5062 900
4462 873
4558 877
4710 878
4710 878
4710 878
4700 897
4814 907
4953 906
4953 906
4953 906
4787 900
4918 904
5060 911
5060 911
5060 911
4859 908
5011 917
5150 920
5150 920
5150 920
4942 912
5116 925
5262 928
5262 928
5262 928
3270 593
3521 597
4040 596
4040 596
4040 596
3570 614
3921 624
4558 627
4558 627
4558 627
3676 622
4090 635
4788 638
4788 638
4788 638
3770 632
4231 647
4942 646
4942 646
4942 646
3827 636
4321 652
5032 648
5032 648
5032 648
3294 602
3453 611
4051 606
4051 606
4051 606
3603 627
3805 641
4530 639
4530 639
4530 639
3707 633
3939 645
4752 650
4752 650
4752 650
3813 645
4085 665
4912 658
4912 658
4912 658
3866 649
4153 672
4983 661
4983 661
4983 661
3523 648
3705 658
3845 662
3845 662
3845 662
3798 680
4007 690
4204 699
4204 699
4204 699
3903 693
4157 701
4394 720
4394 720
4394 720
3998 694
4292 710
4536 732
4536 732
4536 732
4050 695
4361 712
4616 736
4616 736
4616 736
4158 784
4304 799
4491 812
4491 812
4491 812
4370 811
4537 825
4753 841
4753 841
4753 841
4466 814
4668 830
4898 851
4898 851
4898 851
4539 824
4754 842
4991 863
4991 863
4991 863
4613 825
4837 846
5086 869
5086 869
5086 869
4230 809
4356 818
4525 830
4525 830
4525 830
4445 838
4586 846
4805 869
4805 869
4805 869
4553 842
4713 852
4954 881
4954 881
4954 881
4610 840
4793 862
5044 888
5044 888
5044 888
4675 845
4884 872
5128 898
5128 898
5128 898
4000 809
4126 815
4326 825
4326 825
4326 825
4177 813
4311 816
4558 848
4558 848
4558 848
4298 824
4444 826
4688 861
4688 861
4688 861
4370 829
4531 839
4807 869
4807 869
4807 869
4459 834
4644 851
4920 877
4920 877
4920 877
4079 837
4200 849
4428 857
4428 857
4428 857
4270 844
4383 861
4613 881
4613 881
4613 881
4355 849
4480 868
4713 887
4713 887
4713 887
4440 852
4576 879
4831 895
4831 895
4831 895
4505 854
4667 887
4931 901
4931 901
4931 901
4118 846
4233 858
4382 861
4382 861
4382 861
4314 864
4434 878
4586 885
4586 885
4586 885
4395 872
4538 887
4701 894
4701 894
4701 894
4475 873
4627 893
4823 897
4823 897
4823 897
4540 873
4701 898
4909 899
4909 899
4909 899
4091 841
4192 846
4332 846
4332 846
4332 846
4288 855
4417 864
4559 872
4559 872
4559 872
4404 872
4530 883
4670 882
4670 882
4670 882
4487 878
4622 891
4796 900
4796 900
4796 900
4550 878
4699 896
4887 903
4887 903
4887 903
4254 845
4336 856
4476 859
4476 859
4476 859
4474 870
4565 872
4728 885
4728 885
4728 885
4551 866
4662 869
4823 889
4823 889
4823 889
4648 872
4762 881
4917 890
4917 890
4917 890
4700 875
4837 883
5014 893
5014 893
5014 893
3245 595
3496 598
4000 591
4000 591
4000 591
3533 617
3891 625
4511 626
4511 626
4511 626
3634 625
4058 636
4736 638
4736 638
4736 638
3731 636
4199 648
4888 644
4888 644
4888 644
3802 638
4307 653
4995 647
4995 647
4995 647
3264 599
3414 608
3998 605
3998 605
3998 605
3559 624
3752 641
4470 637
4470 637
4470 637
3655 631
3894 651
4678 645
4678 645
4678 645
3763 642
4031 669
4843 652
4843 652
4843 652
3829 644
4123 677
4942 661
4942 661
4942 661
3494 658
3678 671
3819 667
3819 667
3819 667
3744 684
3970 703
4132 700
4132 700
4132 700
3844 695
4117 709
4328 722
4328 722
4328 722
3950 700
4241 723
4475 737
4475 737
4475 737
4021 705
4326 730
4569 742
4569 742
4569 742
4068 779
4227 795
4416 798
4416 798
4416 798
4272 802
4454 826
4665 832
4665 832
4665 832
4373 808
4598 839
4844 848
4844 848
4844 848
4459 814
4685 846
4945 858
4945 858
4945 858
4518 823
4794 860
5044 868
5044 868
5044 868
4133 802
4242 818
4442 833
4442 833
4442 833
4333 823
4469 843
4702 864
4702 864
4702 864
4431 829
4579 842
4826 868
4826 868
4826 868
4494 834
4665 857
4915 868
4915 868
4915 868
4580 856
4779 874
5008 885
5008 885
5008 885
3897 791
3985 802
4202 801
4202 801
4202 801
4052 788
4175 805
4420 806
4420 806
4420 806
4159 797
4299 818
4553 825
4553 825
4553 825
4237 805
4396 827
4659 835
4659 835
4659 835
4296 816
4497 824
4761 844
4761 844
4761 844
3988 807
4045 807
4270 831
4270 831
4270 831
4145 824
4218 821
4488 851
4488 851
4488 851
4217 826
4342 828
4614 857
4614 857
4614 857
4291 836
4421 831
4695 866
4695 866
4695 866
4358 838
4514 839
4776 871
4776 871
4776 871
3963 818
4090 826
4242 832
4242 832
4242 832
4173 831
4298 836
4467 849
4467 849
4467 849
4246 839
4411 846
4557 855
4557 855
4557 855
4320 848
4482 850
4652 855
4652 855
4652 855
4370 849
4548 848
4711 859
4711 859
4711 859
3971 825
4052 824
4167 831
4167 831
4167 831
4169 829
4257 839
4417 841
4417 841
4417 841
4249 841
4374 846
4504 853
4504 853
4504 853
4302 846
4428 854
4578 861
4578 861
4578 861
4368 848
4507 857
4657 858
4657 858
4657 858
4050 824
4105 818
4261 832
4261 832
4261 832
4289 845
4342 858
4500 851
4500 851
4500 851
4334 855
4429 856
4599 863
4599 863
4599 863
4410 853
4506 865
4694 871
4694 871
4694 871
4474 840
4581 860
4783 860
4783 860
4783 860
3219 596
3476 599
3991 596
3991 596
3991 596
3515 616
3859 624
4488 626
4488 626
4488 626
3608 625
4015 636
4700 638
4700 638
4700 638
3698 637
4158 651
4848 644
4848 644
4848 644
3760 635
4257 652
4952 647
4952 647
4952 647
3230 601
3394 604
3996 604
3996 604
3996 604
3533 629
3741 640
4453 636
4453 636
4453 636
3624 630
3872 649
4654 645
4654 645
4654 645
3719 644
3997 665
4807 653
4807 653
4807 653
3786 645
4092 673
4908 659
4908 659
4908 659
3485 656
3667 663
3798 663
3798 663
3798 663
3722 680
3949 694
4113 696
4113 696
4113 696
3817 692
4065 704
4279 718
4279 718
4279 718
3902 694
4170 714
4404 728
4404 728
4404 728
3970 697
4265 722
4511 729
4511 729
4511 729
4004 786
4158 801
4352 811
4352 811
4352 811
4208 809
4373 819
4602 835
4602 835
4602 835
4308 813
4510 837
4735 852
4735 852
4735 852
4390 817
4601 842
4846 857
4846 857
4846 857
4458 825
4707 857
4962 867
4962 867
4962 867
4030 820
4158 817
4333 828
4333 828
4333 828
4236 837
4382 848
4596 862
4596 862
4596 862
4336 853
4506 857
4709 879
4709 879
4709 879
4385 851
4572 862
4803 876
4803 876
4803 876
4440 858
4640 875
4888 894
4888 894
4888 894
3806 790
3898 784
4109 791
4109 791
4109 791
3979 807
4094 812
4312 822
4312 822
4312 822
4061 811
4169 810
4404 822
4404 822
4404 822
4120 810
4255 813
4493 817
4493 817
4493 817
4181 813
4337 824
4590 828
4590 828
4590 828
3829 807
3908 815
4123 824
4123 824
4123 824
3994 810
4084 827
4373 847
4373 847
4373 847
4053 821
4175 834
4437 857
4437 857
4437 857
4125 821
4259 844
4530 864
4530 864
4530 864
4213 824
4360 846
4625 869
4625 869
4625 869
3828 811
3945 818
4095 837
4095 837
4095 837
4021 822
4158 837
4292 848
4292 848
4292 848
4090 838
4226 855
4379 857
4379 857
4379 857
4148 837
4315 861
4467 855
4467 855
4467 855
4215 845
4390 855
4534 859
4534 859
4534 859
3780 811
3864 810
4020 825
4020 825
4020 825
3981 824
4108 835
4254 839
4254 839
4254 839
4060 837
4205 843
4360 838
4360 838
4360 838
4118 834
4274 843
4413 839
4413 839
4413 839
4198 840
4356 848
4502 845
4502 845
4502 845
3888 808
3940 814
4117 811
4117 811
4117 811
4080 819
4171 817
4345 826
4345 826
4345 826
4119 821
4219 819
4403 825
4403 825
4403 825
4192 833
4312 828
4499 841
4499 841
4499 841
4267 831
4403 832
4577 856
4577 856
4577 856
3193 591
3458 596
3972 596
3972 596
3972 596
3476 614
3827 621
4457 620
4457 620
4457 620
3569 622
3983 632
4669 630
4669 630
4669 630
3649 635
4117 647
4809 637
4809 637
4809 637
3714 637
4223 647
4912 640
4912 640
4912 640
3206 594
3365 601
3966 605
3966 605
3966 605
3495 628
3706 643
4440 640
4440 640
4440 640
3587 631
3835 652
4628 646
4628 646
4628 646
3674 644
3946 669
4764 654
4764 654
4764 654
3738 646
4037 677
4863 662
4863 662
4863 662
3412 650
3612 666
3765 666
3765 666
3765 666
3665 678
3897 697
4062 699
4062 699
4062 699
3750 685
4015 709
4220 720
4220 720
4220 720
3831 688
4118 716
4332 728
4332 728
4332 728
3914 691
4218 725
4458 736
4458 736
4458 736
3965 785
4097 794
4286 805
4286 805
4286 805
4141 812
4307 820
4548 833
4548 833
4548 833
4224 809
4434 835
4672 840
4672 840
4672 840
4283 812
4520 843
4765 848
4765 848
4765 848
4378 826
4625 857
4894 861
4894 861
4894 861
3957 803
4078 815
4285 832
4285 832
4285 832
4122 824
4306 846
4523 856
4523 856
4523 856
4224 838
4415 850
4624 863
4624 863
4624 863
4278 840
4479 859
4714 855
4714 855
4714 855
4333 853
4541 870
4798 870
4798 870
4798 870
3701 755
3822 772
4013 772
4013 772
4013 772
3868 779
4008 784
4228 795
4228 795
4228 795
3936 788
4101 789
4317 807
4317 807
4317 807
4011 786
4181 792
4410 800
4410 800
4410 800
4063 787
4249 775
4499 800
4499 800
4499 800
3773 814
3838 811
4030 806
4030 806
4030 806
3907 808
4003 805
4224 816
4224 816
4224 816
3983 817
4092 816
4345 835
4345 835
4345 835
4050 826
4173 820
4414 831
4414 831
4414 831
4094 812
4247 826
4497 839
4497 839
4497 839
3741 792
3835 792
3993 808
3993 808
3993 808
3903 798
4036 808
4210 829
4210 829
4210 829
3983 812
4127 810
4315 839
4315 839
4315 839
4042 806
4203 818
4387 844
4387 844
4387 844
4110 811
4253 822
4458 841
4458 841
4458 841
3682 791
3780 787
3907 805
3907 805
3907 805
3851 794
3965 792
4141 822
4141 822
4141 822
3929 809
4068 818
4246 836
4246 836
4246 836
3995 820
4148 827
4305 830
4305 830
4305 830
4051 817
4191 817
4374 830
4374 830
4374 830
3711 776
3775 789
3907 791
3907 791
3907 791
3897 792
4004 794
4133 807
4133 807
4133 807
3948 801
4060 801
4220 806
4220 806
4220 806
4014 812
4136 807
4310 807
4310 807
4310 807
4071 800
4187 804
4397 814
4397 814
4397 814
3170 590
3430 594
3958 594
3958 594
3958 594
3461 613
3807 621
4442 619
4442 619
4442 619
3550 620
3961 632
4656 627
4656 627
4656 627
3622 632
4086 645
4790 633
4790 633
4790 633
3683 635
4190 650
4893 638
4893 638
4893 638
3187 596
3343 606
3958 611
3958 611
3958 611
3484 624
3693 640
4425 641
4425 641
4425 641
3564 625
3806 649
4619 647
4619 647
4619 647
3643 635
3907 665
4742 652
4742 652
4742 652
3703 641
4000 670
4840 659
4840 659
4840 659
3400 657
3592 667
3726 667
3726 667
3726 667
3645 680
3874 703
4021 701
4021 701
4021 701
3724 693
3990 718
4179 720
4179 720
4179 720
3795 694
4077 722
4279 724
4279 724
4279 724
3867 698
4177 730
4403 732
4403 732
4403 732
3875 774
4025 789
4231 794
4231 794
4231 794
4066 793
4245 809
4475 822
4475 822
4475 822
4187 804
4392 834
4613 839
4613 839
4613 839
4247 811
4468 845
4693 844
4693 844
4693 844
4337 828
4566 855
4820 867
4820 867
4820 867
3886 790
4025 806
4188 815
4188 815
4188 815
4065 820
4215 824
4413 833
4413 833
4413 833
4149 827
4313 838
4517 839
4517 839
4517 839
4207 831
4376 838
4627 843
4627 843
4627 843
4249 835
4432 843
4689 846
4689 846
4689 846
3608 752
3744 764
3906 774
3906 774
3906 774
3788 773
3928 772
4118 781
4118 781
4118 781
3865 779
4019 782
4208 783
4208 783
4208 783
3917 771
4081 779
4317 792
4317 792
4317 792
3960 771
4148 773
4402 791
4402 791
4402 791
3649 785
3775 789
3940 797
3940 797
3940 797
3799 797
3925 794
4116 815
4116 815
4116 815
3867 805
3988 802
4211 814
4211 814
4211 814
3919 806
4050 804
4277 812
4277 812
4277 812
3974 803
4118 815
4358 827
4358 827
4358 827
3625 769
3733 790
3880 797
3880 797
3880 797
3793 778
3943 798
4090 816
4090 816
4090 816
3849 778
4008 803
4156 817
4156 817
4156 817
3904 782
4067 809
4216 826
4216 826
4216 826
3970 786
4169 809
4318 821
4318 821
4318 821
3608 777
3693 783
3813 796
3813 796
3813 796
3782 788
3880 795
4028 817
4028 817
4028 817
3856 784
3945 786
4101 823
4101 823
4101 823
3882 788
4020 799
4181 819
4181 819
4181 819
3931 788
4097 791
4243 820
4243 820
4243 820
3585 765
3649 773
3782 774
3782 774
3782 774
3763 796
3844 798
3977 802
3977 802
3977 802
3826 805
3904 811
4043 803
4043 803
4043 803
3880 790
3987 806
4130 802
4130 802
4130 802
3932 792
4033 813
4223 804
4223 804
4223 804
3149 594
3414 597
3942 595
3942 595
3942 595
3432 613
3783 620
4423 618
4423 618
4423 618
3521 614
3933 626
4632 622
4632 622
4632 622
3589 626
4060 638
4764 628
4764 628
4764 628
3652 628
4162 641
4865 630
4865 630
4865 630
3184 599
3331 609
3945 610
3945 610
3945 610
3471 625
3675 645
4404 641
4404 641
4404 641
3543 622
3770 647
4580 644
4580 644
4580 644
3612 633
3857 661
4699 652
4699 652
4699 652
3671 638
3948 673
4793 659
4793 659
4793 659
3386 654
3568 661
3693 660
3693 660
3693 660
3618 675
3827 691
3990 698
3990 698
3990 698
3690 683
3937 703
4139 715
4139 715
4139 715
3753 685
4015 709
4232 722
4232 722
4232 722
3829 690
4119 719
4354 732
4354 732
4354 732
3831 776
3976 784
4186 797
4186 797
4186 797
4014 793
4210 816
4457 826
4457 826
4457 826
4113 795
4323 816
4575 834
4575 834
4575 834
4143 798
4396 825
4653 836
4653 836
4653 836
4220 808
4491 836
4752 847
4752 847
4752 847
3821 791
3945 794
4151 809
4151 809
4151 809
3988 801
4127 807
4371 825
4371 825
4371 825
4053 804
4237 817
4491 825
4491 825
4491 825
4098 801
4297 815
4559 830
4559 830
4559 830
4137 810
4355 823
4625 835
4625 835
4625 835
3546 742
3657 751
3860 744
3860 744
3860 744
3722 760
3843 767
4052 776
4052 776
4052 776
3783 757
3921 765
4126 775
4126 775
4126 775
3840 762
4002 762
4241 781
4241 781
4241 781
3885 756
4061 770
4320 783
4320 783
4320 783
3546 771
3634 768
3824 767
3824 767
3824 767
3670 779
3795 786
4002 790
4002 790
4002 790
3714 780
3858 795
4097 789
4097 789
4097 789
3790 773
3924 787
4151 776
4151 776
4151 776
3836 786
3997 792
4221 792
4221 792
4221 792
3552 750
3653 760
3781 773
3781 773
3781 773
3725 776
3820 781
3972 804
3972 804
3972 804
3781 779
3884 785
4027 804
4027 804
4027 804
3828 783
3932 777
4105 789
4105 789
4105 789
3864 776
4015 798
4174 788
4174 788
4174 788
3501 736
3576 753
3714 756
3714 756
3714 756
3690 765
3768 769
3899 778
3899 778
3899 778
3760 767
3838 769
3966 785
3966 785
3966 785
3776 764
3891 772
4027 773
4027 773
4027 773
3821 766
3943 778
4102 781
4102 781
4102 781
3447 739
3519 749
3635 734
3635 734
3635 734
3664 759
3692 760
3850 754
3850 754
3850 754
3697 746
3784 766
3935 756
3935 756
3935 756
3763 769
3855 752
4017 758
4017 758
4017 758
3811 756
3927 761
4097 757
4097 757
4097 757
3128 591
3386 592
3902 591
3902 591
3902 591
3410 604
3765 614
4396 615
4396 615
4396 615
3497 611
3920 624
4611 621
4611 621
4611 621
3567 622
4044 633
4736 624
4736 624
4736 624
3629 625
4146 638
4844 626
4844 626
4844 626
3134 591
3288 600
3908 603
3908 603
3908 603
3419 615
3646 638
4369 633
4369 633
4369 633
3512 619
3745 640
4540 637
4540 637
4540 637
3574 627
3838 654
4654 642
4654 642
4654 642
3629 632
3928 665
4752 650
4752 650
4752 650
3369 652
3547 664
3671 661
3671 661
3671 661
3610 675
3816 693
3975 698
3975 698
3975 698
3676 687
3915 701
4112 718
4112 718
4112 718
3729 687
3991 706
4204 722
4204 722
4204 722
3811 694
4095 714
4318 726
4318 726
4318 726
3801 781
3946 787
4164 806
4164 806
4164 806
3994 797
4200 809
4439 823
4439 823
4439 823
4085 807
4294 823
4533 827
4533 827
4533 827
4119 806
4349 824
4598 836
4598 836
4598 836
4179 807
4434 831
4690 845
4690 845
4690 845
3769 769
3899 780
4078 789
4078 789
4078 789
3939 781
4071 806
4287 813
4287 813
4287 813
4012 795
4165 815
4388 820
4388 820
4388 820
4075 803
4229 816
4460 825
4460 825
4460 825
4103 802
4291 822
4520 825
4520 825
4520 825
3504 739
3614 740
3793 734
3793 734
3793 734
3664 743
3791 754
3966 763
3966 763
3966 763
3719 752
3835 749
4043 774
4043 774
4043 774
3759 756
3906 759
4132 774
4132 774
4132 774
3795 750
3954 768
4200 772
4200 772
4200 772
3447 753
3565 763
3737 771
3737 771
3737 771
3582 769
3699 789
3909 794
3909 794
3909 794
3645 765
3764 788
3979 795
3979 795
3979 795
3665 767
3815 783
4051 789
4051 789
4051 789
3715 769
3875 782
4138 789
4138 789
4138 789
3417 745
3515 746
3666 759
3666 759
3666 759
3588 761
3687 771
3832 789
3832 789
3832 789
3648 770
3759 778
3904 791
3904 791
3904 791
3686 767
3829 782
3996 801
3996 801
3996 801
3755 772
3895 784
4069 798
4069 798
4069 798
3380 734
3457 736
3607 756
3607 756
3607 756
3565 748
3645 755
3775 763
3775 763
3775 763
3592 753
3690 762
3842 776
3842 776
3842 776
3655 740
3785 775
3908 781
3908 781
3908 781
3708 749
3847 785
3986 789
3986 789
3986 789
3353 729
3401 738
3533 742
3533 742
3533 742
3517 753
3588 752
3718 754
3718 754
3718 754
3556 741
3639 758
3784 751
3784 751
3784 751
3583 743
3715 761
3873 765
3873 765
3873 765
3645 751
3774 756
3965 767
3965 767
3965 767
