5497 979
5554 986
5622 980
5639 982
5667 984
5676 981
5692 982
5777 981
5913 979
5913 979
5913 979
5876 986
5936 989
5997 990
6019 992
6054 990
6063 990
6089 988
6172 986
6298 995
6298 995
6298 995
5954 987
6015 989
6092 991
6120 994
6155 992
6166 993
6197 992
6287 988
6412 998
6412 998
6412 998
5984 989
6047 991
6133 994
6163 996
6205 995
6217 996
6251 995
6343 991
6475 1002
6475 1002
6475 1002
6012 991
6076 993
6170 996
6204 998
6251 997
6266 998
6301 998
6400 997
6528 1006
6528 1006
6528 1006
6045 993
6114 995
6202 998
6240 1001
6294 1002
6310 1003
6347 1002
6451 1000
6587 1007
6587 1007
6587 1007
6068 994
6137 996
6234 999
6273 1001
6329 1002
6349 1003
6389 1002
6495 1000
6639 1007
6639 1007
6639 1007
6094 995
6166 998
6270 1001
6310 1002
6368 1003
6387 1004
6427 1003
6534 1001
6680 1008
6680 1008
6680 1008
6121 999
6190 1000
6300 1003
6344 1004
6400 1005
6420 1006
6461 1005
6576 1004
6717 1011
6717 1011
6717 1011
