5442 977
5494 982
5557 978
5574 978
5591 979
5600 979
5614 978
5707 981
5829 973
5829 973
5829 973
5841 980
5881 991
5946 994
5968 994
5993 991
6003 989
6028 990
6122 989
6230 989
6230 989
6230 989
5908 983
5954 994
6029 997
6059 1000
6083 997
6096 996
6125 997
6229 996
6345 999
6345 999
6345 999
5941 985
5989 996
6069 1001
6101 1003
6129 1001
6145 1000
6177 1001
6286 1000
6418 1003
6418 1003
6418 1003
5971 988
6022 998
6107 1003
6143 1005
6176 1002
6193 1001
6227 1003
6343 1005
6471 1005
6471 1005
6471 1005
6004 993
6059 1000
6142 1005
6181 1008
6226 1007
6244 1006
6280 1007
6406 1006
6533 1004
6533 1004
6533 1004
6027 994
6082 1001
6172 1007
6212 1009
6260 1008
6282 1007
6322 1008
6451 1006
6583 1004
6583 1004
6583 1004
6050 995
6108 1002
6205 1008
6246 1010
6296 1009
6317 1008
6357 1009
6490 1005
6624 1005
6624 1005
6624 1005
6080 999
6134 1004
6236 1010
6281 1012
6329 1011
6351 1010
6392 1011
6528 1008
6661 1008
6661 1008
6661 1008
