4581 770
4607 770
4647 770
4675 772
4688 769
4715 771
4733 771
4850 774
5003 783
5003 783
5003 783
5118 797
5141 795
5195 796
5222 798
5239 796
5263 800
5286 801
5383 799
5562 808
5562 808
5562 808
5258 800
5285 798
5347 799
5378 801
5403 799
5428 803
5457 805
5580 802
5780 811
5780 811
5780 811
5311 801
5339 799
5406 800
5442 802
5476 800
5504 804
5537 806
5684 804
5891 812
5891 812
5891 812
5356 803
5383 801
5453 802
5497 805
5537 803
5567 807
5605 809
5772 810
5982 817
5982 817
5982 817
5383 803
5413 801
5484 802
5532 805
5577 803
5609 807
5649 809
5832 811
6049 820
6049 820
6049 820
5420 804
5451 802
5530 803
5585 806
5634 804
5670 808
5713 810
5917 812
6123 821
6123 821
6123 821
5447 805
5485 803
5573 804
5627 807
5678 805
5713 809
5758 811
5967 813
6178 822
6178 822
6178 822
5473 806
5508 803
5602 804
5662 807
5710 805
5747 809
5794 811
6015 814
6222 823
6222 823
6222 823
